	Time [s]	Minimum [mm]	Maximum [mm]	Average [mm]	
1	1,e-003	2,8554e-032	2,8554e-032	2,8554e-032	
2	2,e-003	1,5802e-032	1,5802e-032	1,5802e-032	
3	3,e-003	5,4284e-032	5,4284e-032	5,4284e-032	
4	4,e-003	5,647e-032	5,647e-032	5,647e-032	
5	5,e-003	1,3359e-032	1,3359e-032	1,3359e-032	
6	6,e-003	7,0095e-032	7,0095e-032	7,0095e-032	
7	7,e-003	2,7982e-032	2,7982e-032	2,7982e-032	
8	8,e-003	8,742e-032	8,742e-032	8,742e-032	
9	9,e-003	1,6093e-031	1,6093e-031	1,6093e-031	
10	1,e-002	1,1613e-031	1,1613e-031	1,1613e-031	
11	1,1e-002	1,2872e-031	1,2872e-031	1,2872e-031	
12	1,2e-002	1,7539e-031	1,7539e-031	1,7539e-031	
13	1,3e-002	1,5976e-031	1,5976e-031	1,5976e-031	
14	1,4e-002	2,1446e-031	2,1446e-031	2,1446e-031	
15	1,5e-002	2,7271e-031	2,7271e-031	2,7271e-031	
16	1,6e-002	2,3987e-031	2,3987e-031	2,3987e-031	
17	1,7e-002	3,1282e-031	3,1282e-031	3,1282e-031	
18	1,8e-002	3,2537e-031	3,2537e-031	3,2537e-031	
19	1,9e-002	3,4154e-031	3,4154e-031	3,4154e-031	
20	2,e-002	3,9862e-031	3,9862e-031	3,9862e-031	
21	2,1e-002	4,2947e-031	4,2947e-031	4,2947e-031	
22	2,2e-002	4,6663e-031	4,6663e-031	4,6663e-031	
23	2,3e-002	5,1222e-031	5,1222e-031	5,1222e-031	
24	2,4e-002	5,391e-031	5,391e-031	5,391e-031	
25	2,5e-002	5,8174e-031	5,8174e-031	5,8174e-031	
26	2,6e-002	6,3703e-031	6,3703e-031	6,3703e-031	
27	2,7e-002	6,6426e-031	6,6426e-031	6,6426e-031	
28	2,8e-002	7,4186e-031	7,4186e-031	7,4186e-031	
29	2,9e-002	7,6599e-031	7,6599e-031	7,6599e-031	
30	3,e-002	8,1755e-031	8,1755e-031	8,1755e-031	
31	3,1e-002	8,961e-031	8,961e-031	8,961e-031	
32	3,2e-002	9,0821e-031	9,0821e-031	9,0821e-031	
33	3,3e-002	9,9069e-031	9,9069e-031	9,9069e-031	
34	3,4e-002	1,0592e-030	1,0592e-030	1,0592e-030	
35	3,5e-002	1,0955e-030	1,0955e-030	1,0955e-030	
36	3,6e-002	1,1637e-030	1,1637e-030	1,1637e-030	
37	3,7e-002	1,2452e-030	1,2452e-030	1,2452e-030	
38	3,8e-002	1,2779e-030	1,2779e-030	1,2779e-030	
39	3,9e-002	1,3676e-030	1,3676e-030	1,3676e-030	
40	4,e-002	1,4439e-030	1,4439e-030	1,4439e-030	
41	4,1e-002	1,4831e-030	1,4831e-030	1,4831e-030	
42	4,2e-002	1,5931e-030	1,5931e-030	1,5931e-030	
43	4,3e-002	1,643e-030	1,643e-030	1,643e-030	
44	4,4e-002	1,7279e-030	1,7279e-030	1,7279e-030	
45	4,5e-002	1,8081e-030	1,8081e-030	1,8081e-030	
46	4,6e-002	1,8857e-030	1,8857e-030	1,8857e-030	
47	4,7e-002	1,9659e-030	1,9659e-030	1,9659e-030	
48	4,8e-002	2,0619e-030	2,0619e-030	2,0619e-030	
49	4,9e-002	4,9422e-017	4,9422e-017	4,9422e-017	
50	5,e-002	1,0557e-003	1,0557e-003	1,0557e-003	
51	5,1e-002	2,4158e-002	2,4158e-002	2,4158e-002	
52	5,2e-002	8,5409e-002	8,5409e-002	8,5409e-002	
53	5,3e-002	0,14813	0,14813	0,14813	
54	5,4e-002	0,18731	0,18731	0,18731	
55	5,5e-002	0,22282	0,22282	0,22282	
56	5,6e-002	0,26184	0,26184	0,26184	
57	5,7e-002	0,29922	0,29922	0,29922	
58	5,8e-002	0,33929	0,33929	0,33929	
59	5,9e-002	0,388	0,388	0,388	
60	6,e-002	0,43657	0,43657	0,43657	
61	6,1e-002	0,46283	0,46283	0,46283	
62	6,2e-002	0,47348	0,47348	0,47348	
63	6,3e-002	0,50922	0,50922	0,50922	
64	6,4e-002	0,56278	0,56278	0,56278	
65	6,5e-002	0,59165	0,59165	0,59165	
66	6,6e-002	0,60431	0,60431	0,60431	
67	6,7e-002	0,6223	0,6223	0,6223	
68	6,8e-002	0,63985	0,63985	0,63985	
69	6,9e-002	0,66041	0,66041	0,66041	
70	7,e-002	0,68639	0,68639	0,68639	
71	7,1e-002	0,70327	0,70327	0,70327	
72	7,2e-002	0,7048	0,7048	0,7048	
73	7,3e-002	0,69831	0,69831	0,69831	
74	7,4e-002	0,70146	0,70146	0,70146	
75	7,5e-002	0,71947	0,71947	0,71947	
76	7,6e-002	0,72575	0,72575	0,72575	
77	7,7e-002	0,7106	0,7106	0,7106	
78	7,8e-002	0,69559	0,69559	0,69559	
79	7,9e-002	0,68378	0,68378	0,68378	
80	8,e-002	0,67272	0,67272	0,67272	
81	8,1e-002	0,66914	0,66914	0,66914	
82	8,2e-002	0,65753	0,65753	0,65753	
83	8,3e-002	0,62487	0,62487	0,62487	
84	8,4e-002	0,58939	0,58939	0,58939	
85	8,5e-002	0,56785	0,56785	0,56785	
86	8,6e-002	0,55305	0,55305	0,55305	
87	8,7e-002	0,52842	0,52842	0,52842	
88	8,8e-002	0,48923	0,48923	0,48923	
89	8,9e-002	0,44753	0,44753	0,44753	
90	9,e-002	0,4107	0,4107	0,4107	
91	9,1e-002	0,37486	0,37486	0,37486	
92	9,2e-002	0,34379	0,34379	0,34379	
93	9,3e-002	0,31305	0,31305	0,31305	
94	9,4e-002	0,26326	0,26326	0,26326	
95	9,5e-002	0,20402	0,20402	0,20402	
96	9,6e-002	0,16398	0,16398	0,16398	
97	9,7e-002	0,13663	0,13663	0,13663	
98	9,8e-002	9,6118e-002	9,6118e-002	9,6118e-002	
99	9,9e-002	4,2403e-002	4,2403e-002	4,2403e-002	
100	0,1	-7,3568e-003	-7,3568e-003	-7,3568e-003	
101	0,101	-2,7222e-002	-2,7222e-002	-2,7222e-002	
102	0,102	-7,3348e-003	-7,3348e-003	-7,3348e-003	
103	0,103	1,4347e-002	1,4347e-002	1,4347e-002	
104	0,104	1,582e-002	1,582e-002	1,582e-002	
105	0,105	6,0284e-003	6,0284e-003	6,0284e-003	
106	0,106	-1,2312e-002	-1,2312e-002	-1,2312e-002	
107	0,107	-1,9118e-002	-1,9118e-002	-1,9118e-002	
108	0,108	-1,6431e-003	-1,6431e-003	-1,6431e-003	
109	0,109	1,6688e-002	1,6688e-002	1,6688e-002	
110	0,11	1,6932e-002	1,6932e-002	1,6932e-002	
111	0,111	-1,9759e-003	-1,9759e-003	-1,9759e-003	
112	0,112	-2,3055e-002	-2,3055e-002	-2,3055e-002	
113	0,113	-1,3049e-002	-1,3049e-002	-1,3049e-002	
114	0,114	1,4646e-002	1,4646e-002	1,4646e-002	
115	0,115	1,7857e-002	1,7857e-002	1,7857e-002	
116	0,116	3,4127e-003	3,4127e-003	3,4127e-003	
117	0,117	-1,0485e-002	-1,0485e-002	-1,0485e-002	
118	0,118	-1,8069e-002	-1,8069e-002	-1,8069e-002	
119	0,119	-3,3419e-003	-3,3419e-003	-3,3419e-003	
120	0,12	1,8339e-002	1,8339e-002	1,8339e-002	
121	0,121	1,4953e-002	1,4953e-002	1,4953e-002	
122	0,122	-4,4478e-003	-4,4478e-003	-4,4478e-003	
123	0,123	-1,7595e-002	-1,7595e-002	-1,7595e-002	
124	0,124	-1,2346e-002	-1,2346e-002	-1,2346e-002	
125	0,125	9,6093e-003	9,6093e-003	9,6093e-003	
126	0,126	1,9181e-002	1,9181e-002	1,9181e-002	
127	0,127	4,2156e-003	4,2156e-003	4,2156e-003	
128	0,128	-1,1278e-002	-1,1278e-002	-1,1278e-002	
129	0,129	-1,5243e-002	-1,5243e-002	-1,5243e-002	
130	0,13	-4,8701e-003	-4,8701e-003	-4,8701e-003	
131	0,131	1,5907e-002	1,5907e-002	1,5907e-002	
132	0,132	1,7529e-002	1,7529e-002	1,7529e-002	
133	0,133	-5,3483e-003	-5,3483e-003	-5,3483e-003	
134	0,134	-1,8673e-002	-1,8673e-002	-1,8673e-002	
135	0,135	-8,7956e-003	-8,7956e-003	-8,7956e-003	
136	0,136	8,409e-003	8,409e-003	8,409e-003	
137	0,137	1,6012e-002	1,6012e-002	1,6012e-002	
138	0,138	5,8134e-003	5,8134e-003	5,8134e-003	
139	0,139	-1,0799e-002	-1,0799e-002	-1,0799e-002	
140	0,14	-1,4332e-002	-1,4332e-002	-1,4332e-002	
141	0,141	-3,5502e-003	-3,5502e-003	-3,5502e-003	
142	0,142	1,2039e-002	1,2039e-002	1,2039e-002	
143	0,143	1,7022e-002	1,7022e-002	1,7022e-002	
144	0,144	-1,3435e-003	-1,3435e-003	-1,3435e-003	
145	0,145	-1,9976e-002	-1,9976e-002	-1,9976e-002	
146	0,146	-1,0183e-002	-1,0183e-002	-1,0183e-002	
147	0,147	1,0523e-002	1,0523e-002	1,0523e-002	
148	0,148	1,4694e-002	1,4694e-002	1,4694e-002	
149	0,149	4,3227e-003	4,3227e-003	4,3227e-003	
150	0,15	-4,4763e-003	-4,4763e-003	-4,4763e-003	
151	0,151	3,1654e-002	3,1654e-002	3,1654e-002	
152	0,152	0,13501	0,13501	0,13501	
153	0,153	0,2391	0,2391	0,2391	
154	0,154	0,2997	0,2997	0,2997	
155	0,155	0,34102	0,34102	0,34102	
156	0,156	0,38174	0,38174	0,38174	
157	0,157	0,44132	0,44132	0,44132	
158	0,158	0,52498	0,52498	0,52498	
159	0,159	0,60545	0,60545	0,60545	
160	0,16	0,66174	0,66174	0,66174	
161	0,161	0,68559	0,68559	0,68559	
162	0,162	0,70231	0,70231	0,70231	
163	0,163	0,76823	0,76823	0,76823	
164	0,164	0,8584	0,8584	0,8584	
165	0,165	0,90011	0,90011	0,90011	
166	0,166	0,90783	0,90783	0,90783	
167	0,167	0,92218	0,92218	0,92218	
168	0,168	0,94933	0,94933	0,94933	
169	0,169	0,99782	0,99782	0,99782	
170	0,17	1,0467	1,0467	1,0467	
171	0,171	1,0591	1,0591	1,0591	
172	0,172	1,0451	1,0451	1,0451	
173	0,173	1,0342	1,0342	1,0342	
174	0,174	1,05	1,05	1,05	
175	0,175	1,088	1,088	1,088	
176	0,176	1,097	1,097	1,097	
177	0,177	1,0616	1,0616	1,0616	
178	0,178	1,0275	1,0275	1,0275	
179	0,179	1,0127	1,0127	1,0127	
180	0,18	1,0106	1,0106	1,0106	
181	0,181	1,0135	1,0135	1,0135	
182	0,182	0,98691	0,98691	0,98691	
183	0,183	0,92316	0,92316	0,92316	
184	0,184	0,86769	0,86769	0,86769	
185	0,185	0,84506	0,84506	0,84506	
186	0,186	0,83283	0,83283	0,83283	
187	0,187	0,79777	0,79777	0,79777	
188	0,188	0,72853	0,72853	0,72853	
189	0,189	0,65278	0,65278	0,65278	
190	0,19	0,59986	0,59986	0,59986	
191	0,191	0,56162	0,56162	0,56162	
192	0,192	0,52257	0,52257	0,52257	
193	0,193	0,46777	0,46777	0,46777	
194	0,194	0,38005	0,38005	0,38005	
195	0,195	0,28873	0,28873	0,28873	
196	0,196	0,23805	0,23805	0,23805	
197	0,197	0,20619	0,20619	0,20619	
198	0,198	0,14655	0,14655	0,14655	
199	0,199	5,8408e-002	5,8408e-002	5,8408e-002	
200	0,2	-2,4821e-002	-2,4821e-002	-2,4821e-002	
201	0,201	-4,9237e-002	-4,9237e-002	-4,9237e-002	
202	0,202	-4,0737e-003	-4,0737e-003	-4,0737e-003	
203	0,203	3,448e-002	3,448e-002	3,448e-002	
204	0,204	2,7654e-002	2,7654e-002	2,7654e-002	
205	0,205	2,8621e-004	2,8621e-004	2,8621e-004	
206	0,206	-2,9529e-002	-2,9529e-002	-2,9529e-002	
207	0,207	-2,9896e-002	-2,9896e-002	-2,9896e-002	
208	0,208	7,1346e-003	7,1346e-003	7,1346e-003	
209	0,209	3,5107e-002	3,5107e-002	3,5107e-002	
210	0,21	2,4694e-002	2,4694e-002	2,4694e-002	
211	0,211	-1,4962e-002	-1,4962e-002	-1,4962e-002	
212	0,212	-4,362e-002	-4,362e-002	-4,362e-002	
213	0,213	-1,3848e-002	-1,3848e-002	-1,3848e-002	
214	0,214	3,4768e-002	3,4768e-002	3,4768e-002	
215	0,215	3,1195e-002	3,1195e-002	3,1195e-002	
216	0,216	-3,2383e-003	-3,2383e-003	-3,2383e-003	
217	0,217	-2,6879e-002	-2,6879e-002	-2,6879e-002	
218	0,218	-2,8092e-002	-2,8092e-002	-2,8092e-002	
219	0,219	4,6185e-003	4,6185e-003	4,6185e-003	
220	0,22	3,6457e-002	3,6457e-002	3,6457e-002	
221	0,221	2,1362e-002	2,1362e-002	2,1362e-002	
222	0,222	-1,6987e-002	-1,6987e-002	-1,6987e-002	
223	0,223	-3,4661e-002	-3,4661e-002	-3,4661e-002	
224	0,224	-1,425e-002	-1,425e-002	-1,425e-002	
225	0,225	2,6277e-002	2,6277e-002	2,6277e-002	
226	0,226	3,3683e-002	3,3683e-002	3,3683e-002	
227	0,227	-1,0877e-003	-1,0877e-003	-1,0877e-003	
228	0,228	-2,777e-002	-2,777e-002	-2,777e-002	
229	0,229	-2,4527e-002	-2,4527e-002	-2,4527e-002	
230	0,23	2,022e-003	2,022e-003	2,022e-003	
231	0,231	3,288e-002	3,288e-002	3,288e-002	
232	0,232	2,4942e-002	2,4942e-002	2,4942e-002	
233	0,233	-1,7902e-002	-1,7902e-002	-1,7902e-002	
234	0,234	-3,5333e-002	-3,5333e-002	-3,5333e-002	
235	0,235	-9,3597e-003	-9,3597e-003	-9,3597e-003	
236	0,236	2,3236e-002	2,3236e-002	2,3236e-002	
237	0,237	2,8893e-002	2,8893e-002	2,8893e-002	
238	0,238	2,2176e-003	2,2176e-003	2,2176e-003	
239	0,239	-2,6309e-002	-2,6309e-002	-2,6309e-002	
240	0,24	-2,3489e-002	-2,3489e-002	-2,3489e-002	
241	0,241	2,9257e-003	2,9257e-003	2,9257e-003	
242	0,242	2,7005e-002	2,7005e-002	2,7005e-002	
243	0,243	2,4802e-002	2,4802e-002	2,4802e-002	
244	0,244	-1,1624e-002	-1,1624e-002	-1,1624e-002	
245	0,245	-3,713e-002	-3,713e-002	-3,713e-002	
246	0,246	-1,1578e-002	-1,1578e-002	-1,1578e-002	
247	0,247	2,5759e-002	2,5759e-002	2,5759e-002	
248	0,248	2,6636e-002	2,6636e-002	2,6636e-002	
249	0,249	5,468e-004	5,468e-004	5,468e-004	
250	0,25	-2,3304e-002	-2,3304e-002	-2,3304e-002	
251	0,251	-2,2553e-002	-2,2553e-002	-2,2553e-002	
252	0,252	3,4736e-003	3,4736e-003	3,4736e-003	
253	0,253	2,4837e-002	2,4837e-002	2,4837e-002	
254	0,254	2,0212e-002	2,0212e-002	2,0212e-002	
255	0,255	-7,1556e-003	-7,1556e-003	-7,1556e-003	
256	0,256	-3,1968e-002	-3,1968e-002	-3,1968e-002	
257	0,257	-1,6583e-002	-1,6583e-002	-1,6583e-002	
258	0,258	2,3464e-002	2,3464e-002	2,3464e-002	
259	0,259	2,9466e-002	2,9466e-002	2,9466e-002	
260	0,26	-4,4904e-004	-4,4904e-004	-4,4904e-004	
261	0,261	-2,3307e-002	-2,3307e-002	-2,3307e-002	
262	0,262	-2,0543e-002	-2,0543e-002	-2,0543e-002	
263	0,263	2,9352e-003	2,9352e-003	2,9352e-003	
264	0,264	2,4242e-002	2,4242e-002	2,4242e-002	
265	0,265	1,8013e-002	1,8013e-002	1,8013e-002	
266	0,266	-8,0993e-003	-8,0993e-003	-8,0993e-003	
267	0,267	-2,6275e-002	-2,6275e-002	-2,6275e-002	
268	0,268	-1,577e-002	-1,577e-002	-1,577e-002	
269	0,269	1,7195e-002	1,7195e-002	1,7195e-002	
270	0,27	2,9714e-002	2,9714e-002	2,9714e-002	
271	0,271	2,773e-003	2,773e-003	2,773e-003	
272	0,272	-2,3927e-002	-2,3927e-002	-2,3927e-002	
273	0,273	-1,9941e-002	-1,9941e-002	-1,9941e-002	
274	0,274	3,0087e-003	3,0087e-003	3,0087e-003	
275	0,275	2,2362e-002	2,2362e-002	2,2362e-002	
276	0,276	1,8226e-002	1,8226e-002	1,8226e-002	
277	0,277	-8,2474e-003	-8,2474e-003	-8,2474e-003	
278	0,278	-2,5477e-002	-2,5477e-002	-2,5477e-002	
279	0,279	-1,2655e-002	-1,2655e-002	-1,2655e-002	
280	0,28	1,4746e-002	1,4746e-002	1,4746e-002	
281	0,281	2,5742e-002	2,5742e-002	2,5742e-002	
282	0,282	5,4647e-003	5,4647e-003	5,4647e-003	
283	0,283	-2,1716e-002	-2,1716e-002	-2,1716e-002	
284	0,284	-2,0666e-002	-2,0666e-002	-2,0666e-002	
285	0,285	3,1887e-003	3,1887e-003	3,1887e-003	
286	0,286	2,0575e-002	2,0575e-002	2,0575e-002	
287	0,287	1,7011e-002	1,7011e-002	1,7011e-002	
288	0,288	-5,788e-003	-5,788e-003	-5,788e-003	
289	0,289	-2,4882e-002	-2,4882e-002	-2,4882e-002	
290	0,29	-1,3203e-002	-1,3203e-002	-1,3203e-002	
291	0,291	1,519e-002	1,519e-002	1,519e-002	
292	0,292	2,3579e-002	2,3579e-002	2,3579e-002	
293	0,293	4,7129e-003	4,7129e-003	4,7129e-003	
294	0,294	-1,873e-002	-1,873e-002	-1,873e-002	
295	0,295	-2,0186e-002	-2,0186e-002	-2,0186e-002	
296	0,296	2,195e-003	2,195e-003	2,195e-003	
297	0,297	2,0041e-002	2,0041e-002	2,0041e-002	
298	0,298	1,5017e-002	1,5017e-002	1,5017e-002	
299	0,299	-4,7255e-003	-4,7255e-003	-4,7255e-003	
300	0,3	-2,1539e-002	-2,1539e-002	-2,1539e-002	
301	0,301	-1,445e-002	-1,445e-002	-1,445e-002	
302	0,302	1,3063e-002	1,3063e-002	1,3063e-002	
303	0,303	2,4058e-002	2,4058e-002	2,4058e-002	
304	0,304	4,4306e-003	4,4306e-003	4,4306e-003	
305	0,305	-1,8007e-002	-1,8007e-002	-1,8007e-002	
306	0,306	-1,8541e-002	-1,8541e-002	-1,8541e-002	
307	0,307	1,1944e-003	1,1944e-003	1,1944e-003	
308	0,308	1,905e-002	1,905e-002	1,905e-002	
309	0,309	1,46e-002	1,46e-002	1,46e-002	
310	0,31	-5,3405e-003	-5,3405e-003	-5,3405e-003	
311	0,311	-1,9035e-002	-1,9035e-002	-1,9035e-002	
312	0,312	-1,2915e-002	-1,2915e-002	-1,2915e-002	
313	0,313	9,7891e-003	9,7891e-003	9,7891e-003	
314	0,314	2,2792e-002	2,2792e-002	2,2792e-002	
315	0,315	6,3388e-003	6,3388e-003	6,3388e-003	
316	0,316	-1,7549e-002	-1,7549e-002	-1,7549e-002	
317	0,317	-1,8124e-002	-1,8124e-002	-1,8124e-002	
318	0,318	1,2827e-003	1,2827e-003	1,2827e-003	
319	0,319	1,7435e-002	1,7435e-002	1,7435e-002	
320	0,32	1,4353e-002	1,4353e-002	1,4353e-002	
321	0,321	-4,7359e-003	-4,7359e-003	-4,7359e-003	
322	0,322	-1,8537e-002	-1,8537e-002	-1,8537e-002	
323	0,323	-1,1346e-002	-1,1346e-002	-1,1346e-002	
324	0,324	8,8318e-003	8,8318e-003	8,8318e-003	
325	0,325	1,997e-002	1,997e-002	1,997e-002	
326	0,326	7,3604e-003	7,3604e-003	7,3604e-003	
327	0,327	-1,5407e-002	-1,5407e-002	-1,5407e-002	
328	0,328	-1,8417e-002	-1,8417e-002	-1,8417e-002	
329	0,329	1,0012e-003	1,0012e-003	1,0012e-003	
330	0,33	1,6701e-002	1,6701e-002	1,6701e-002	
331	0,331	1,316e-002	1,316e-002	1,316e-002	
332	0,332	-3,6747e-003	-3,6747e-003	-3,6747e-003	
333	0,333	-1,7253e-002	-1,7253e-002	-1,7253e-002	
334	0,334	-1,147e-002	-1,147e-002	-1,147e-002	
335	0,335	8,4848e-003	8,4848e-003	8,4848e-003	
336	0,336	1,8544e-002	1,8544e-002	1,8544e-002	
337	0,337	6,8496e-003	6,8496e-003	6,8496e-003	
338	0,338	-1,3292e-002	-1,3292e-002	-1,3292e-002	
339	0,339	-1,7732e-002	-1,7732e-002	-1,7732e-002	
340	0,34	-1,7182e-004	-1,7182e-004	-1,7182e-004	
341	0,341	1,6365e-002	1,6365e-002	1,6365e-002	
342	0,342	1,2484e-002	1,2484e-002	1,2484e-002	
343	0,343	-3,803e-003	-3,803e-003	-3,803e-003	
344	0,344	-1,5326e-002	-1,5326e-002	-1,5326e-002	
345	0,345	-1,0991e-002	-1,0991e-002	-1,0991e-002	
346	0,346	6,9172e-003	6,9172e-003	6,9172e-003	
347	0,347	1,7744e-002	1,7744e-002	1,7744e-002	
348	0,348	6,889e-003	6,889e-003	6,889e-003	
349	0,349	-1,2196e-002	-1,2196e-002	-1,2196e-002	
350	0,35	-1,6553e-002	-1,6553e-002	-1,6553e-002	
351	0,351	-1,1708e-003	-1,1708e-003	-1,1708e-003	
352	0,352	1,5314e-002	1,5314e-002	1,5314e-002	
353	0,353	1,2746e-002	1,2746e-002	1,2746e-002	
354	0,354	-3,972e-003	-3,972e-003	-3,972e-003	
355	0,355	-1,4626e-002	-1,4626e-002	-1,4626e-002	
356	0,356	-9,588e-003	-9,588e-003	-9,588e-003	
357	0,357	5,8334e-003	5,8334e-003	5,8334e-003	
358	0,358	1,5985e-002	1,5985e-002	1,5985e-002	
359	0,359	7,3223e-003	7,3223e-003	7,3223e-003	
360	0,36	-1,0989e-002	-1,0989e-002	-1,0989e-002	
361	0,361	-1,5747e-002	-1,5747e-002	-1,5747e-002	
362	0,362	-1,591e-003	-1,591e-003	-1,591e-003	
363	0,363	1,3818e-002	1,3818e-002	1,3818e-002	
364	0,364	1,2694e-002	1,2694e-002	1,2694e-002	
365	0,365	-3,0537e-003	-3,0537e-003	-3,0537e-003	
366	0,366	-1,4492e-002	-1,4492e-002	-1,4492e-002	
367	0,367	-9,0957e-003	-9,0957e-003	-9,0957e-003	
368	0,368	5,8718e-003	5,8718e-003	5,8718e-003	
369	0,369	1,4416e-002	1,4416e-002	1,4416e-002	
370	0,37	6,9614e-003	6,9614e-003	6,9614e-003	
371	0,371	-9,5352e-003	-9,5352e-003	-9,5352e-003	
372	0,372	-1,4982e-002	-1,4982e-002	-1,4982e-002	
373	0,373	-1,9066e-003	-1,9066e-003	-1,9066e-003	
374	0,374	1,2741e-002	1,2741e-002	1,2741e-002	
375	0,375	1,1861e-002	1,1861e-002	1,1861e-002	
376	0,376	-2,0841e-003	-2,0841e-003	-2,0841e-003	
377	0,377	-1,3403e-002	-1,3403e-002	-1,3403e-002	
378	0,378	-9,3852e-003	-9,3852e-003	-9,3852e-003	
379	0,379	5,4506e-003	5,4506e-003	5,4506e-003	
380	0,38	1,3831e-002	1,3831e-002	1,3831e-002	
381	0,381	6,4701e-003	6,4701e-003	6,4701e-003	
382	0,382	-8,5735e-003	-8,5735e-003	-8,5735e-003	
383	0,383	-1,4054e-002	-1,4054e-002	-1,4054e-002	
384	0,384	-2,357e-003	-2,357e-003	-2,357e-003	
385	0,385	1,207e-002	1,207e-002	1,207e-002	
386	0,386	1,1243e-002	1,1243e-002	1,1243e-002	
387	0,387	-2,0437e-003	-2,0437e-003	-2,0437e-003	
388	0,388	-1,2027e-002	-1,2027e-002	-1,2027e-002	
389	0,389	-8,8679e-003	-8,8679e-003	-8,8679e-003	
390	0,39	4,2968e-003	4,2968e-003	4,2968e-003	
391	0,391	1,3043e-002	1,3043e-002	1,3043e-002	
392	0,392	6,6002e-003	6,6002e-003	6,6002e-003	
393	0,393	-7,8091e-003	-7,8091e-003	-7,8091e-003	
394	0,394	-1,3247e-002	-1,3247e-002	-1,3247e-002	
395	0,395	-2,8347e-003	-2,8347e-003	-2,8347e-003	
396	0,396	1,1201e-002	1,1201e-002	1,1201e-002	
397	0,397	1,1258e-002	1,1258e-002	1,1258e-002	
398	0,398	-2,0146e-003	-2,0146e-003	-2,0146e-003	
399	0,399	-1,1632e-002	-1,1632e-002	-1,1632e-002	
400	0,4	-7,8579e-003	-7,8579e-003	-7,8579e-003	
401	0,401	3,8635e-003	3,8635e-003	3,8635e-003	
402	0,402	1,1583e-002	1,1583e-002	1,1583e-002	
403	0,403	6,5443e-003	6,5443e-003	6,5443e-003	
404	0,404	-6,6992e-003	-6,6992e-003	-6,6992e-003	
405	0,405	-1,2452e-002	-1,2452e-002	-1,2452e-002	
406	0,406	-3,2231e-003	-3,2231e-003	-3,2231e-003	
407	0,407	1,0022e-002	1,0022e-002	1,0022e-002	
408	0,408	1,114e-002	1,114e-002	1,114e-002	
409	0,409	-1,2116e-003	-1,2116e-003	-1,2116e-003	
410	0,41	-1,1508e-002	-1,1508e-002	-1,1508e-002	
411	0,411	-7,739e-003	-7,739e-003	-7,739e-003	
412	0,412	4,1306e-003	4,1306e-003	4,1306e-003	
413	0,413	1,0689e-002	1,0689e-002	1,0689e-002	
414	0,414	5,7929e-003	5,7929e-003	5,7929e-003	
415	0,415	-5,7852e-003	-5,7852e-003	-5,7852e-003	
416	0,416	-1,138e-002	-1,138e-002	-1,138e-002	
417	0,417	-3,4112e-003	-3,4112e-003	-3,4112e-003	
418	0,418	8,9082e-003	8,9082e-003	8,9082e-003	
419	0,419	1,0496e-002	1,0496e-002	1,0496e-002	
420	0,42	-3,6597e-004	-3,6597e-004	-3,6597e-004	
421	0,421	-1,0618e-002	-1,0618e-002	-1,0618e-002	
422	0,422	-8,0908e-003	-8,0908e-003	-8,0908e-003	
423	0,423	3,7502e-003	3,7502e-003	3,7502e-003	
424	0,424	1,0574e-002	1,0574e-002	1,0574e-002	
425	0,425	5,3407e-003	5,3407e-003	5,3407e-003	
426	0,426	-5,5358e-003	-5,5358e-003	-5,5358e-003	
427	0,427	-1,0412e-002	-1,0412e-002	-1,0412e-002	
428	0,428	-3,3205e-003	-3,3205e-003	-3,3205e-003	
429	0,429	8,0689e-003	8,0689e-003	8,0689e-003	
430	0,43	9,7919e-003	9,7919e-003	9,7919e-003	
431	0,431	-1,0376e-004	-1,0376e-004	-1,0376e-004	
432	0,432	-9,5117e-003	-9,5117e-003	-9,5117e-003	
433	0,433	-7,7911e-003	-7,7911e-003	-7,7911e-003	
434	0,434	2,8395e-003	2,8395e-003	2,8395e-003	
435	0,435	1,0064e-002	1,0064e-002	1,0064e-002	
436	0,436	5,5462e-003	5,5462e-003	5,5462e-003	
437	0,437	-5,2165e-003	-5,2165e-003	-5,2165e-003	
438	0,438	-9,924e-003	-9,924e-003	-9,924e-003	
439	0,439	-3,2382e-003	-3,2382e-003	-3,2382e-003	
440	0,44	7,4372e-003	7,4372e-003	7,4372e-003	
441	0,441	9,3524e-003	9,3524e-003	9,3524e-003	
442	0,442	1,2718e-005	1,2718e-005	1,2718e-005	
443	0,443	-8,9434e-003	-8,9434e-003	-8,9434e-003	
444	0,444	-7,1621e-003	-7,1621e-003	-7,1621e-003	
445	0,445	2,452e-003	2,452e-003	2,452e-003	
446	0,446	9,0527e-003	9,0527e-003	9,0527e-003	
447	0,447	5,4978e-003	5,4978e-003	5,4978e-003	
448	0,448	-4,4388e-003	-4,4388e-003	-4,4388e-003	
449	0,449	-9,4208e-003	-9,4208e-003	-9,4208e-003	
450	0,45	-3,4036e-003	-3,4036e-003	-3,4036e-003	
451	0,451	6,7675e-003	6,7675e-003	6,7675e-003	
452	0,452	9,0157e-003	9,0157e-003	9,0157e-003	
453	0,453	4,0756e-004	4,0756e-004	4,0756e-004	
454	0,454	-8,566e-003	-8,566e-003	-8,566e-003	
455	0,455	-6,9943e-003	-6,9943e-003	-6,9943e-003	
456	0,456	2,4674e-003	2,4674e-003	2,4674e-003	
457	0,457	8,4406e-003	8,4406e-003	8,4406e-003	
458	0,458	4,9689e-003	4,9689e-003	4,9689e-003	
459	0,459	-3,8585e-003	-3,8585e-003	-3,8585e-003	
460	0,46	-8,5825e-003	-8,5825e-003	-8,5825e-003	
461	0,461	-3,4854e-003	-3,4854e-003	-3,4854e-003	
462	0,462	5,9724e-003	5,9724e-003	5,9724e-003	
463	0,463	8,5213e-003	8,5213e-003	8,5213e-003	
464	0,464	8,7508e-004	8,7508e-004	8,7508e-004	
465	0,465	-7,8757e-003	-7,8757e-003	-7,8757e-003	
466	0,466	-7,0628e-003	-7,0628e-003	-7,0628e-003	
467	0,467	2,1254e-003	2,1254e-003	2,1254e-003	
468	0,468	8,2679e-003	8,2679e-003	8,2679e-003	
469	0,469	4,683e-003	4,683e-003	4,683e-003	
470	0,47	-3,7424e-003	-3,7424e-003	-3,7424e-003	
471	0,471	-7,8612e-003	-7,8612e-003	-7,8612e-003	
472	0,472	-3,2672e-003	-3,2672e-003	-3,2672e-003	
473	0,473	5,3006e-003	5,3006e-003	5,3006e-003	
474	0,474	7,895e-003	7,895e-003	7,895e-003	
475	0,475	1,1056e-003	1,1056e-003	1,1056e-003	
476	0,476	-7,059e-003	-7,059e-003	-7,059e-003	
477	0,477	-6,8218e-003	-6,8218e-003	-6,8218e-003	
478	0,478	1,5115e-003	1,5115e-003	1,5115e-003	
479	0,479	7,8603e-003	7,8603e-003	7,8603e-003	
480	0,48	4,7988e-003	4,7988e-003	4,7988e-003	
481	0,481	-3,5517e-003	-3,5517e-003	-3,5517e-003	
482	0,482	-7,518e-003	-7,518e-003	-7,518e-003	
483	0,483	-3,047e-003	-3,047e-003	-3,047e-003	
484	0,484	4,8737e-003	4,8737e-003	4,8737e-003	
485	0,485	7,3498e-003	7,3498e-003	7,3498e-003	
486	0,486	1,1812e-003	1,1812e-003	1,1812e-003	
487	0,487	-6,4624e-003	-6,4624e-003	-6,4624e-003	
488	0,488	-6,3937e-003	-6,3937e-003	-6,3937e-003	
489	0,489	1,1509e-003	1,1509e-003	1,1509e-003	
490	0,49	7,1776e-003	7,1776e-003	7,1776e-003	
491	0,491	4,7802e-003	4,7802e-003	4,7802e-003	
492	0,492	-3,0628e-003	-3,0628e-003	-3,0628e-003	
493	0,493	-7,1989e-003	-7,1989e-003	-7,1989e-003	
494	0,494	-3,0445e-003	-3,0445e-003	-3,0445e-003	
495	0,495	4,5128e-003	4,5128e-003	4,5128e-003	
496	0,496	6,9281e-003	6,9281e-003	6,9281e-003	
497	0,497	1,2947e-003	1,2947e-003	1,2947e-003	
498	0,498	-5,987e-003	-5,987e-003	-5,987e-003	
499	0,499	-6,1288e-003	-6,1288e-003	-6,1288e-003	
500	0,5	9,9023e-004	9,9023e-004	9,9023e-004	
501	0,501	6,6731e-003	6,6731e-003	6,6731e-003	
502	0,502	4,511e-003	4,511e-003	4,511e-003	
503	0,503	-2,6531e-003	-2,6531e-003	-2,6531e-003	
504	0,504	-6,6843e-003	-6,6843e-003	-6,6843e-003	
505	0,505	-3,0648e-003	-3,0648e-003	-3,0648e-003	
506	0,506	4,0762e-003	4,0762e-003	4,0762e-003	
507	0,507	6,5325e-003	6,5325e-003	6,5325e-003	
508	0,508	1,4177e-003	1,4177e-003	1,4177e-003	
509	0,509	-5,4528e-003	-5,4528e-003	-5,4528e-003	
510	0,51	-5,9289e-003	-5,9289e-003	-5,9289e-003	
511	0,511	7,0277e-004	7,0277e-004	7,0277e-004	
512	0,512	6,3453e-003	6,3453e-003	6,3453e-003	
513	0,513	4,351e-003	4,351e-003	4,351e-003	
514	0,514	-2,4621e-003	-2,4621e-003	-2,4621e-003	
515	0,515	-6,2132e-003	-6,2132e-003	-6,2132e-003	
516	0,516	-2,942e-003	-2,942e-003	-2,942e-003	
517	0,517	3,6542e-003	3,6542e-003	3,6542e-003	
518	0,518	6,1128e-003	6,1128e-003	6,1128e-003	
519	0,519	1,4857e-003	1,4857e-003	1,4857e-003	
520	0,52	-4,9426e-003	-4,9426e-003	-4,9426e-003	
521	0,521	-5,6158e-003	-5,6158e-003	-5,6158e-003	
522	0,522	3,7524e-004	3,7524e-004	3,7524e-004	
523	0,523	5,9046e-003	5,9046e-003	5,9046e-003	
524	0,524	4,3315e-003	4,3315e-003	4,3315e-003	
525	0,525	-2,2233e-003	-2,2233e-003	-2,2233e-003	
526	0,526	-5,9137e-003	-5,9137e-003	-5,9137e-003	
527	0,527	-2,8131e-003	-2,8131e-003	-2,8131e-003	
528	0,528	3,3442e-003	3,3442e-003	3,3442e-003	
529	0,529	5,7073e-003	5,7073e-003	5,7073e-003	
530	0,53	1,5224e-003	1,5224e-003	1,5224e-003	
531	0,531	-4,5212e-003	-4,5212e-003	-4,5212e-003	
532	0,532	-5,2953e-003	-5,2953e-003	-5,2953e-003	
533	0,533	1,8431e-004	1,8431e-004	1,8431e-004	
534	0,534	5,4135e-003	5,4135e-003	5,4135e-003	
535	0,535	4,2132e-003	4,2132e-003	4,2132e-003	
536	0,536	-1,8857e-003	-1,8857e-003	-1,8857e-003	
537	0,537	-5,6071e-003	-5,6071e-003	-5,6071e-003	
538	0,538	-2,7782e-003	-2,7782e-003	-2,7782e-003	
539	0,539	3,0809e-003	3,0809e-003	3,0809e-003	
540	0,54	5,3511e-003	5,3511e-003	5,3511e-003	
541	0,541	1,5457e-003	1,5457e-003	1,5457e-003	
542	0,542	-4,1192e-003	-4,1192e-003	-4,1192e-003	
543	0,543	-5,0412e-003	-5,0412e-003	-5,0412e-003	
544	0,544	2,5437e-005	2,5437e-005	2,5437e-005	
545	0,545	5,0331e-003	5,0331e-003	5,0331e-003	
546	0,546	4,0339e-003	4,0339e-003	4,0339e-003	
547	0,547	-1,6252e-003	-1,6252e-003	-1,6252e-003	
548	0,548	-5,2432e-003	-5,2432e-003	-5,2432e-003	
549	0,549	-2,7401e-003	-2,7401e-003	-2,7401e-003	
550	0,55	2,8071e-003	2,8071e-003	2,8071e-003	
551	0,551	5,0302e-003	5,0302e-003	5,0302e-003	
552	0,552	1,5354e-003	1,5354e-003	1,5354e-003	
553	0,553	-3,7259e-003	-3,7259e-003	-3,7259e-003	
554	0,554	-4,7586e-003	-4,7586e-003	-4,7586e-003	
555	0,555	-1,7874e-004	-1,7874e-004	-1,7874e-004	
556	0,556	4,6701e-003	4,6701e-003	4,6701e-003	
557	0,557	3,927e-003	3,927e-003	3,927e-003	
558	0,558	-1,4155e-003	-1,4155e-003	-1,4155e-003	
559	0,559	-4,9345e-003	-4,9345e-003	-4,9345e-003	
560	0,56	-2,6733e-003	-2,6733e-003	-2,6733e-003	
561	0,561	2,5586e-003	2,5586e-003	2,5586e-003	
562	0,562	4,7444e-003	4,7444e-003	4,7444e-003	
563	0,563	1,504e-003	1,504e-003	1,504e-003	
564	0,564	-3,4131e-003	-3,4131e-003	-3,4131e-003	
565	0,565	-4,4331e-003	-4,4331e-003	-4,4331e-003	
566	0,566	-3,1701e-004	-3,1701e-004	-3,1701e-004	
567	0,567	4,2479e-003	4,2479e-003	4,2479e-003	
568	0,568	3,8085e-003	3,8085e-003	3,8085e-003	
569	0,569	-1,1542e-003	-1,1542e-003	-1,1542e-003	
570	0,57	-4,6528e-003	-4,6528e-003	-4,6528e-003	
571	0,571	-2,6417e-003	-2,6417e-003	-2,6417e-003	
572	0,572	2,3239e-003	2,3239e-003	2,3239e-003	
573	0,573	4,4976e-003	4,4976e-003	4,4976e-003	
574	0,574	1,5064e-003	1,5064e-003	1,5064e-003	
575	0,575	-3,1692e-003	-3,1692e-003	-3,1692e-003	
576	0,576	-4,1744e-003	-4,1744e-003	-4,1744e-003	
577	0,577	-3,5922e-004	-3,5922e-004	-3,5922e-004	
578	0,578	3,883e-003	3,883e-003	3,883e-003	
579	0,579	3,6021e-003	3,6021e-003	3,6021e-003	
580	0,58	-9,1647e-004	-9,1647e-004	-9,1647e-004	
581	0,581	-4,3214e-003	-4,3214e-003	-4,3214e-003	
582	0,582	-2,6084e-003	-2,6084e-003	-2,6084e-003	
583	0,583	2,0696e-003	2,0696e-003	2,0696e-003	
584	0,584	4,2436e-003	4,2436e-003	4,2436e-003	
585	0,585	1,5386e-003	1,5386e-003	1,5386e-003	
586	0,586	-2,9012e-003	-2,9012e-003	-2,9012e-003	
587	0,587	-3,9881e-003	-3,9881e-003	-3,9881e-003	
588	0,588	-4,3112e-004	-4,3112e-004	-4,3112e-004	
589	0,589	3,6241e-003	3,6241e-003	3,6241e-003	
590	0,59	3,4166e-003	3,4166e-003	3,4166e-003	
591	0,591	-7,7575e-004	-7,7575e-004	-7,7575e-004	
592	0,592	-4,0061e-003	-4,0061e-003	-4,0061e-003	
593	0,593	-2,5197e-003	-2,5197e-003	-2,5197e-003	
594	0,594	1,842e-003	1,842e-003	1,842e-003	
595	0,595	3,9683e-003	3,9683e-003	3,9683e-003	
596	0,596	1,5298e-003	1,5298e-003	1,5298e-003	
597	0,597	-2,6096e-003	-2,6096e-003	-2,6096e-003	
598	0,598	-3,763e-003	-3,763e-003	-3,763e-003	
599	0,599	-5,5725e-004	-5,5725e-004	-5,5725e-004	
600	0,6	3,3476e-003	3,3476e-003	3,3476e-003	
601	0,601	3,312e-003	3,312e-003	3,312e-003	
602	0,602	-6,3678e-004	-6,3678e-004	-6,3678e-004	
603	0,603	-3,7711e-003	-3,7711e-003	-3,7711e-003	
604	0,604	-2,4363e-003	-2,4363e-003	-2,4363e-003	
605	0,605	1,6738e-003	1,6738e-003	1,6738e-003	
606	0,606	3,7308e-003	3,7308e-003	3,7308e-003	
607	0,607	1,478e-003	1,478e-003	1,478e-003	
608	0,608	-2,3841e-003	-2,3841e-003	-2,3841e-003	
609	0,609	-3,4938e-003	-3,4938e-003	-3,4938e-003	
610	0,61	-6,2045e-004	-6,2045e-004	-6,2045e-004	
611	0,611	3,0165e-003	3,0165e-003	3,0165e-003	
612	0,612	3,1759e-003	3,1759e-003	3,1759e-003	
613	0,613	-4,376e-004	-4,376e-004	-4,376e-004	
614	0,614	-3,5341e-003	-3,5341e-003	-3,5341e-003	
615	0,615	-2,4106e-003	-2,4106e-003	-2,4106e-003	
616	0,616	1,5033e-003	1,5033e-003	1,5033e-003	
617	0,617	3,5504e-003	3,5504e-003	3,5504e-003	
618	0,618	1,4574e-003	1,4574e-003	1,4574e-003	
619	0,619	-2,2251e-003	-2,2251e-003	-2,2251e-003	
620	0,62	-3,2844e-003	-3,2844e-003	-3,2844e-003	
621	0,621	-6,052e-004	-6,052e-004	-6,052e-004	
622	0,622	2,7479e-003	2,7479e-003	2,7479e-003	
623	0,623	2,9623e-003	2,9623e-003	2,9623e-003	
624	0,624	-2,7881e-004	-2,7881e-004	-2,7881e-004	
625	0,625	-3,2361e-003	-3,2361e-003	-3,2361e-003	
626	0,626	-2,3695e-003	-2,3695e-003	-2,3695e-003	
627	0,627	1,2884e-003	1,2884e-003	1,2884e-003	
628	0,628	3,3621e-003	3,3621e-003	3,3621e-003	
629	0,629	1,4834e-003	1,4834e-003	1,4834e-003	
630	0,63	-2,0482e-003	-2,0482e-003	-2,0482e-003	
631	0,631	-3,1445e-003	-3,1445e-003	-3,1445e-003	
632	0,632	-6,1991e-004	-6,1991e-004	-6,1991e-004	
633	0,633	2,5721e-003	2,5721e-003	2,5721e-003	
634	0,634	2,7805e-003	2,7805e-003	2,7805e-003	
635	0,635	-2,1379e-004	-2,1379e-004	-2,1379e-004	
636	0,636	-2,9639e-003	-2,9639e-003	-2,9639e-003	
637	0,637	-2,2577e-003	-2,2577e-003	-2,2577e-003	
638	0,638	1,0941e-003	1,0941e-003	1,0941e-003	
639	0,639	3,13e-003	3,13e-003	3,13e-003	
640	0,64	1,4902e-003	1,4902e-003	1,4902e-003	
641	0,641	-1,835e-003	-1,835e-003	-1,835e-003	
642	0,642	-2,9879e-003	-2,9879e-003	-2,9879e-003	
643	0,643	-6,8718e-004	-6,8718e-004	-6,8718e-004	
644	0,644	2,3877e-003	2,3877e-003	2,3877e-003	
645	0,645	2,6736e-003	2,6736e-003	2,6736e-003	
646	0,646	-1,4889e-004	-1,4889e-004	-1,4889e-004	
647	0,647	-2,7737e-003	-2,7737e-003	-2,7737e-003	
648	0,648	-2,1467e-003	-2,1467e-003	-2,1467e-003	
649	0,649	9,6877e-004	9,6877e-004	9,6877e-004	
650	0,65	2,9114e-003	2,9114e-003	2,9114e-003	
651	0,651	1,4479e-003	1,4479e-003	1,4479e-003	
652	0,652	-1,6488e-003	-1,6488e-003	-1,6488e-003	
653	0,653	-2,7933e-003	-2,7933e-003	-2,7933e-003	
654	0,654	-7,2734e-004	-7,2734e-004	-7,2734e-004	
655	0,655	2,1629e-003	2,1629e-003	2,1629e-003	
656	0,656	2,5556e-003	2,5556e-003	2,5556e-003	
657	0,657	-3,5211e-005	-3,5211e-005	-3,5211e-005	
658	0,658	-2,5912e-003	-2,5912e-003	-2,5912e-003	
659	0,659	-2,0894e-003	-2,0894e-003	-2,0894e-003	
660	0,66	8,5544e-004	8,5544e-004	8,5544e-004	
661	0,661	2,7462e-003	2,7462e-003	2,7462e-003	
662	0,662	1,4082e-003	1,4082e-003	1,4082e-003	
663	0,663	-1,5141e-003	-1,5141e-003	-1,5141e-003	
664	0,664	-2,6216e-003	-2,6216e-003	-2,6216e-003	
665	0,665	-7,1772e-004	-7,1772e-004	-7,1772e-004	
666	0,666	1,9691e-003	1,9691e-003	1,9691e-003	
667	0,667	2,3915e-003	2,3915e-003	2,3915e-003	
668	0,668	5,7421e-005	5,7421e-005	5,7421e-005	
669	0,669	-2,3696e-003	-2,3696e-003	-2,3696e-003	
670	0,67	-2,0292e-003	-2,0292e-003	-2,0292e-003	
671	0,671	7,0935e-004	7,0935e-004	7,0935e-004	
672	0,672	2,5886e-003	2,5886e-003	2,5886e-003	
673	0,673	1,4029e-003	1,4029e-003	1,4029e-003	
674	0,674	-1,3831e-003	-1,3831e-003	-1,3831e-003	
675	0,675	-2,495e-003	-2,495e-003	-2,495e-003	
676	0,676	-7,1614e-004	-7,1614e-004	-7,1614e-004	
677	0,677	1,8317e-003	1,8317e-003	1,8317e-003	
678	0,678	2,2442e-003	2,2442e-003	2,2442e-003	
679	0,679	9,2996e-005	9,2996e-005	9,2996e-005	
680	0,68	-2,1649e-003	-2,1649e-003	-2,1649e-003	
681	0,681	-1,9245e-003	-1,9245e-003	-1,9245e-003	
682	0,682	5,7378e-004	5,7378e-004	5,7378e-004	
683	0,683	2,4027e-003	2,4027e-003	2,4027e-003	
684	0,684	1,3941e-003	1,3941e-003	1,3941e-003	
685	0,685	-1,2302e-003	-1,2302e-003	-1,2302e-003	
686	0,686	-2,3696e-003	-2,3696e-003	-2,3696e-003	
687	0,687	-7,4502e-004	-7,4502e-004	-7,4502e-004	
688	0,688	1,6984e-003	1,6984e-003	1,6984e-003	
689	0,689	2,1422e-003	2,1422e-003	2,1422e-003	
690	0,69	1,2372e-004	1,2372e-004	1,2372e-004	
691	0,691	-2,0127e-003	-2,0127e-003	-2,0127e-003	
692	0,692	-1,8178e-003	-1,8178e-003	-1,8178e-003	
693	0,693	4,8418e-004	4,8418e-004	4,8418e-004	
694	0,694	2,2211e-003	2,2211e-003	2,2211e-003	
695	0,695	1,3541e-003	1,3541e-003	1,3541e-003	
696	0,696	-1,0867e-003	-1,0867e-003	-1,0867e-003	
697	0,697	-2,2246e-003	-2,2246e-003	-2,2246e-003	
698	0,698	-7,6644e-004	-7,6644e-004	-7,6644e-004	
699	0,699	1,5468e-003	1,5468e-003	1,5468e-003	
700	0,7	2,0424e-003	2,0424e-003	2,0424e-003	
701	0,701	1,791e-004	1,791e-004	1,791e-004	
702	0,702	-1,8738e-003	-1,8738e-003	-1,8738e-003	
703	0,703	-1,7423e-003	-1,7423e-003	-1,7423e-003	
704	0,704	4,1045e-004	4,1045e-004	4,1045e-004	
705	0,705	2,072e-003	2,072e-003	2,072e-003	
706	0,706	1,307e-003	1,307e-003	1,307e-003	
707	0,707	-9,719e-004	-9,719e-004	-9,719e-004	
708	0,708	-2,0859e-003	-2,0859e-003	-2,0859e-003	
709	0,709	-7,6491e-004	-7,6491e-004	-7,6491e-004	
710	0,71	1,4084e-003	1,4084e-003	1,4084e-003	
711	0,711	1,9254e-003	1,9254e-003	1,9254e-003	
712	0,712	2,2654e-004	2,2654e-004	2,2654e-004	
713	0,713	-1,7221e-003	-1,7221e-003	-1,7221e-003	
714	0,714	-1,671e-003	-1,671e-003	-1,671e-003	
715	0,715	3,2598e-004	3,2598e-004	3,2598e-004	
716	0,716	1,9356e-003	1,9356e-003	1,9356e-003	
717	0,717	1,2728e-003	1,2728e-003	1,2728e-003	
718	0,718	-8,6771e-004	-8,6771e-004	-8,6771e-004	
719	0,719	-1,9659e-003	-1,9659e-003	-1,9659e-003	
720	0,72	-7,6306e-004	-7,6306e-004	-7,6306e-004	
721	0,721	1,2937e-003	1,2937e-003	1,2937e-003	
722	0,722	1,8179e-003	1,8179e-003	1,8179e-003	
723	0,723	2,5098e-004	2,5098e-004	2,5098e-004	
724	0,724	-1,5824e-003	-1,5824e-003	-1,5824e-003	
725	0,725	-1,5847e-003	-1,5847e-003	-1,5847e-003	
726	0,726	2,4871e-004	2,4871e-004	2,4871e-004	
727	0,727	1,7941e-003	1,7941e-003	1,7941e-003	
728	0,728	1,2383e-003	1,2383e-003	1,2383e-003	
729	0,729	-7,6248e-004	-7,6248e-004	-7,6248e-004	
730	0,73	-1,8496e-003	-1,8496e-003	-1,8496e-003	
731	0,731	-7,676e-004	-7,676e-004	-7,676e-004	
732	0,732	1,1826e-003	1,1826e-003	1,1826e-003	
733	0,733	1,7272e-003	1,7272e-003	1,7272e-003	
734	0,734	2,7518e-004	2,7518e-004	2,7518e-004	
735	0,735	-1,4661e-003	-1,4661e-003	-1,4661e-003	
736	0,736	-1,5025e-003	-1,5025e-003	-1,5025e-003	
737	0,737	1,9194e-004	1,9194e-004	1,9194e-004	
738	0,738	1,6604e-003	1,6604e-003	1,6604e-003	
739	0,739	1,1935e-003	1,1935e-003	1,1935e-003	
740	0,74	-6,6644e-004	-6,6644e-004	-6,6644e-004	
741	0,741	-1,7322e-003	-1,7322e-003	-1,7322e-003	
742	0,742	-7,6544e-004	-7,6544e-004	-7,6544e-004	
743	0,743	1,0721e-003	1,0721e-003	1,0721e-003	
744	0,744	1,6356e-003	1,6356e-003	1,6356e-003	
745	0,745	3,044e-004	3,044e-004	3,044e-004	
746	0,746	-1,3547e-003	-1,3547e-003	-1,3547e-003	
747	0,747	-1,4328e-003	-1,4328e-003	-1,4328e-003	
748	0,748	1,4104e-004	1,4104e-004	1,4104e-004	
749	0,749	1,5425e-003	1,5425e-003	1,5425e-003	
750	0,75	1,1482e-003	1,1482e-003	1,1482e-003	
751	0,751	-5,8327e-004	-5,8327e-004	-5,8327e-004	
752	0,752	-1,6226e-003	-1,6226e-003	-1,6226e-003	
753	0,753	-7,5693e-004	-7,5693e-004	-7,5693e-004	
754	0,754	9,74e-004	9,74e-004	9,74e-004	
755	0,755	1,5436e-003	1,5436e-003	1,5436e-003	
756	0,756	3,2437e-004	3,2437e-004	3,2437e-004	
757	0,757	-1,2453e-003	-1,2453e-003	-1,2453e-003	
758	0,758	-1,3621e-003	-1,3621e-003	-1,3621e-003	
759	0,759	9,0899e-005	9,0899e-005	9,0899e-005	
760	0,76	1,4301e-003	1,4301e-003	1,4301e-003	
761	0,761	1,1056e-003	1,1056e-003	1,1056e-003	
762	0,762	-5,0497e-004	-5,0497e-004	-5,0497e-004	
763	0,763	-1,5195e-003	-1,5195e-003	-1,5195e-003	
764	0,764	-7,5074e-004	-7,5074e-004	-7,5074e-004	
765	0,765	8,8389e-004	8,8389e-004	8,8389e-004	
766	0,766	1,462e-003	1,462e-003	1,462e-003	
767	0,767	3,3845e-004	3,3845e-004	3,3845e-004	
768	0,768	-1,1496e-003	-1,1496e-003	-1,1496e-003	
769	0,769	-1,2909e-003	-1,2909e-003	-1,2909e-003	
770	0,77	5,1442e-005	5,1442e-005	5,1442e-005	
771	0,771	1,3227e-003	1,3227e-003	1,3227e-003	
772	0,772	1,0584e-003	1,0584e-003	1,0584e-003	
773	0,773	-4,3337e-004	-4,3337e-004	-4,3337e-004	
774	0,774	-1,4158e-003	-1,4158e-003	-1,4158e-003	
775	0,775	-7,4167e-004	-7,4167e-004	-7,4167e-004	
776	0,776	7,9278e-004	7,9278e-004	7,9278e-004	
777	0,777	1,3843e-003	1,3843e-003	1,3843e-003	
778	0,778	3,5783e-004	3,5783e-004	3,5783e-004	
779	0,779	-1,0623e-003	-1,0623e-003	-1,0623e-003	
780	0,78	-1,2301e-003	-1,2301e-003	-1,2301e-003	
781	0,781	1,8916e-005	1,8916e-005	1,8916e-005	
782	0,782	1,2289e-003	1,2289e-003	1,2289e-003	
783	0,783	1,0107e-003	1,0107e-003	1,0107e-003	
784	0,784	-3,7519e-004	-3,7519e-004	-3,7519e-004	
785	0,785	-1,3179e-003	-1,3179e-003	-1,3179e-003	
786	0,786	-7,2243e-004	-7,2243e-004	-7,2243e-004	
787	0,787	7,0853e-004	7,0853e-004	7,0853e-004	
788	0,788	1,3008e-003	1,3008e-003	1,3008e-003	
789	0,789	3,75e-004	3,75e-004	3,75e-004	
790	0,79	-9,7209e-004	-9,7209e-004	-9,7209e-004	
791	0,791	-1,1738e-003	-1,1738e-003	-1,1738e-003	
792	0,792	-1,7331e-005	-1,7331e-005	-1,7331e-005	
793	0,793	1,1432e-003	1,1432e-003	1,1432e-003	
794	0,794	9,7103e-004	9,7103e-004	9,7103e-004	
795	0,795	-3,235e-004	-3,235e-004	-3,235e-004	
796	0,796	-1,233e-003	-1,233e-003	-1,233e-003	
797	0,797	-7,0176e-004	-7,0176e-004	-7,0176e-004	
798	0,798	6,3943e-004	6,3943e-004	6,3943e-004	
799	0,799	1,2206e-003	1,2206e-003	1,2206e-003	
800	0,8	3,7981e-004	3,7981e-004	3,7981e-004	
801	0,801	-8,8645e-004	-8,8645e-004	-8,8645e-004	
802	0,802	-1,111e-003	-1,111e-003	-1,111e-003	
803	0,803	-5,1269e-005	-5,1269e-005	-5,1269e-005	
804	0,804	1,0557e-003	1,0557e-003	1,0557e-003	
805	0,805	9,3302e-004	9,3302e-004	9,3302e-004	
806	0,806	-2,698e-004	-2,698e-004	-2,698e-004	
807	0,807	-1,1531e-003	-1,1531e-003	-1,1531e-003	
808	0,808	-6,8788e-004	-6,8788e-004	-6,8788e-004	
809	0,809	5,758e-004	5,758e-004	5,758e-004	
810	0,81	1,1528e-003	1,1528e-003	1,1528e-003	
811	0,811	3,8157e-004	3,8157e-004	3,8157e-004	
812	0,812	-8,1557e-004	-8,1557e-004	-8,1557e-004	
813	0,813	-1,0493e-003	-1,0493e-003	-1,0493e-003	
814	0,814	-7,307e-005	-7,307e-005	-7,307e-005	
815	0,815	9,7263e-004	9,7263e-004	9,7263e-004	
816	0,816	8,8812e-004	8,8812e-004	8,8812e-004	
817	0,817	-2,2092e-004	-2,2092e-004	-2,2092e-004	
818	0,818	-1,07e-003	-1,07e-003	-1,07e-003	
819	0,819	-6,7238e-004	-6,7238e-004	-6,7238e-004	
820	0,82	5,0887e-004	5,0887e-004	5,0887e-004	
821	0,821	1,0881e-003	1,0881e-003	1,0881e-003	
822	0,822	3,9037e-004	3,9037e-004	3,9037e-004	
823	0,823	-7,5049e-004	-7,5049e-004	-7,5049e-004	
824	0,824	-9,99e-004	-9,99e-004	-9,99e-004	
825	0,825	-9,0437e-005	-9,0437e-005	-9,0437e-005	
826	0,826	9,0326e-004	9,0326e-004	9,0326e-004	
827	0,827	8,4338e-004	8,4338e-004	8,4338e-004	
828	0,828	-1,8466e-004	-1,8466e-004	-1,8466e-004	
829	0,829	-9,9148e-004	-9,9148e-004	-9,9148e-004	
830	0,83	-6,4759e-004	-6,4759e-004	-6,4759e-004	
831	0,831	4,4712e-004	4,4712e-004	4,4712e-004	
832	0,832	1,0175e-003	1,0175e-003	1,0175e-003	
833	0,833	3,9756e-004	3,9756e-004	3,9756e-004	
834	0,834	-6,8086e-004	-6,8086e-004	-6,8086e-004	
835	0,835	-9,5228e-004	-9,5228e-004	-9,5228e-004	
836	0,836	-1,1378e-004	-1,1378e-004	-1,1378e-004	
837	0,837	8,404e-004	8,404e-004	8,404e-004	
838	0,838	8,0796e-004	8,0796e-004	8,0796e-004	
839	0,839	-1,5381e-004	-1,5381e-004	-1,5381e-004	
840	0,84	-9,2539e-004	-9,2539e-004	-9,2539e-004	
841	0,841	-6,2136e-004	-6,2136e-004	-6,2136e-004	
842	0,842	3,9857e-004	3,9857e-004	3,9857e-004	
843	0,843	9,491e-004	9,491e-004	9,491e-004	
844	0,844	3,94e-004	3,94e-004	3,94e-004	
845	0,845	-6,1428e-004	-6,1428e-004	-6,1428e-004	
846	0,846	-8,9903e-004	-8,9903e-004	-8,9903e-004	
847	0,847	-1,3653e-004	-1,3653e-004	-1,3653e-004	
848	0,848	7,7421e-004	7,7421e-004	7,7421e-004	
849	0,849	7,7583e-004	7,7583e-004	7,7583e-004	
850	0,85	-1,195e-004	-1,195e-004	-1,195e-004	
851	0,851	-8,6533e-004	-8,6533e-004	-8,6533e-004	
852	0,852	-6,0187e-004	-6,0187e-004	-6,0187e-004	
853	0,853	3,5603e-004	3,5603e-004	3,5603e-004	
854	0,854	8,9136e-004	8,9136e-004	8,9136e-004	
855	0,855	3,8695e-004	3,8695e-004	3,8695e-004	
856	0,856	-5,5973e-004	-5,5973e-004	-5,5973e-004	
857	0,857	-8,4562e-004	-8,4562e-004	-8,4562e-004	
858	0,858	-1,4956e-004	-1,4956e-004	-1,4956e-004	
859	0,859	7,0984e-004	7,0984e-004	7,0984e-004	
860	0,86	7,3834e-004	7,3834e-004	7,3834e-004	
861	0,861	-8,6441e-005	-8,6441e-005	-8,6441e-005	
862	0,862	-8,032e-004	-8,032e-004	-8,032e-004	
863	0,863	-5,8393e-004	-5,8393e-004	-5,8393e-004	
864	0,864	3,1149e-004	3,1149e-004	3,1149e-004	
865	0,865	8,3829e-004	8,3829e-004	8,3829e-004	
866	0,866	3,8476e-004	3,8476e-004	3,8476e-004	
867	0,867	-5,1116e-004	-5,1116e-004	-5,1116e-004	
868	0,868	-8,0052e-004	-8,0052e-004	-8,0052e-004	
869	0,869	-1,5813e-004	-1,5813e-004	-1,5813e-004	
870	0,87	6,553e-004	6,553e-004	6,553e-004	
871	0,871	6,9982e-004	6,9982e-004	6,9982e-004	
872	0,872	-6,1838e-005	-6,1838e-005	-6,1838e-005	
873	0,873	-7,4302e-004	-7,4302e-004	-7,4302e-004	
874	0,874	-5,6067e-004	-5,6067e-004	-5,6067e-004	
875	0,875	2,6927e-004	2,6927e-004	2,6927e-004	
876	0,876	7,8274e-004	7,8274e-004	7,8274e-004	
877	0,877	3,8275e-004	3,8275e-004	3,8275e-004	
878	0,878	-4,6091e-004	-4,6091e-004	-4,6091e-004	
879	0,879	-7,5914e-004	-7,5914e-004	-7,5914e-004	
880	0,88	-1,6997e-004	-1,6997e-004	-1,6997e-004	
881	0,881	6,0645e-004	6,0645e-004	6,0645e-004	
882	0,882	6,6737e-004	6,6737e-004	6,6737e-004	
883	0,883	-4,1942e-005	-4,1942e-005	-4,1942e-005	
884	0,884	-6,9104e-004	-6,9104e-004	-6,9104e-004	
885	0,885	-5,3589e-004	-5,3589e-004	-5,3589e-004	
886	0,886	2,3528e-004	2,3528e-004	2,3528e-004	
887	0,887	7,2865e-004	7,2865e-004	7,2865e-004	
888	0,888	3,7476e-004	3,7476e-004	3,7476e-004	
889	0,889	-4,1275e-004	-4,1275e-004	-4,1275e-004	
890	0,89	-7,1488e-004	-7,1488e-004	-7,1488e-004	
891	0,891	-1,8176e-004	-1,8176e-004	-1,8176e-004	
892	0,892	5,5667e-004	5,5667e-004	5,5667e-004	
893	0,893	6,3805e-004	6,3805e-004	6,3805e-004	
894	0,894	-2,0558e-005	-2,0558e-005	-2,0558e-005	
895	0,895	-6,4427e-004	-6,4427e-004	-6,4427e-004	
896	0,896	-5,1519e-004	-5,1519e-004	-5,1519e-004	
897	0,897	2,0616e-004	2,0616e-004	2,0616e-004	
898	0,898	6,8133e-004	6,8133e-004	6,8133e-004	
899	0,899	3,6425e-004	3,6425e-004	3,6425e-004	
900	0,9	-3,7206e-004	-3,7206e-004	-3,7206e-004	
901	0,901	-6,7079e-004	-6,7079e-004	-6,7079e-004	
902	0,902	-1,8801e-004	-1,8801e-004	-1,8801e-004	
903	0,903	5,0829e-004	5,0829e-004	5,0829e-004	
904	0,904	6,0648e-004	6,0648e-004	6,0648e-004	
905	0,905	3,4366e-007	3,4366e-007	3,4366e-007	
906	0,906	-5,9763e-004	-5,9763e-004	-5,9763e-004	
907	0,907	-4,9639e-004	-4,9639e-004	-4,9639e-004	
908	0,908	1,7709e-004	1,7709e-004	1,7709e-004	
909	0,909	6,3813e-004	6,3813e-004	6,3813e-004	
910	0,91	3,559e-004	3,559e-004	3,559e-004	
911	0,911	-3,3608e-004	-3,3608e-004	-3,3608e-004	
912	0,912	-6,3144e-004	-6,3144e-004	-6,3144e-004	
913	0,913	-1,9107e-004	-1,9107e-004	-1,9107e-004	
914	0,914	4,6567e-004	4,6567e-004	4,6567e-004	
915	0,915	5,7437e-004	5,7437e-004	5,7437e-004	
916	0,916	1,6762e-005	1,6762e-005	1,6762e-005	
917	0,917	-5,5253e-004	-5,5253e-004	-5,5253e-004	
918	0,918	-4,7578e-004	-4,7578e-004	-4,7578e-004	
919	0,919	1,4968e-004	1,4968e-004	1,4968e-004	
920	0,92	5,9539e-004	5,9539e-004	5,9539e-004	
921	0,921	3,4783e-004	3,4783e-004	3,4783e-004	
922	0,922	-3,0101e-004	-3,0101e-004	-3,0101e-004	
923	0,923	-5,949e-004	-5,949e-004	-5,949e-004	
924	0,924	-1,9473e-004	-1,9473e-004	-1,9473e-004	
925	0,925	4,2708e-004	4,2708e-004	4,2708e-004	
926	0,926	5,4519e-004	5,4519e-004	5,4519e-004	
927	0,927	3,0202e-005	3,0202e-005	3,0202e-005	
928	0,928	-5,1186e-004	-5,1186e-004	-5,1186e-004	
929	0,929	-4,5481e-004	-4,5481e-004	-4,5481e-004	
930	0,93	1,2634e-004	1,2634e-004	1,2634e-004	
931	0,931	5,5462e-004	5,5462e-004	5,5462e-004	
932	0,932	3,3762e-004	3,3762e-004	3,3762e-004	
933	0,933	-2,6833e-004	-2,6833e-004	-2,6833e-004	
934	0,934	-5,5847e-004	-5,5847e-004	-5,5847e-004	
935	0,935	-1,9764e-004	-1,9764e-004	-1,9764e-004	
936	0,936	3,8966e-004	3,8966e-004	3,8966e-004	
937	0,937	5,1767e-004	5,1767e-004	5,1767e-004	
938	0,938	4,3278e-005	4,3278e-005	4,3278e-005	
939	0,939	-4,7426e-004	-4,7426e-004	-4,7426e-004	
940	0,94	-4,3557e-004	-4,3557e-004	-4,3557e-004	
941	0,941	1,0555e-004	1,0555e-004	1,0555e-004	
942	0,942	5,175e-004	5,175e-004	5,175e-004	
943	0,943	3,2691e-004	3,2691e-004	3,2691e-004	
944	0,944	-2,3967e-004	-2,3967e-004	-2,3967e-004	
945	0,945	-5,2363e-004	-5,2363e-004	-5,2363e-004	
946	0,946	-1,9802e-004	-1,9802e-004	-1,9802e-004	
947	0,947	3,5462e-004	3,5462e-004	3,5462e-004	
948	0,948	4,8995e-004	4,8995e-004	4,8995e-004	
949	0,949	5,4956e-005	5,4956e-005	5,4956e-005	
950	0,95	-4,3803e-004	-4,3803e-004	-4,3803e-004	
951	0,951	-4,1692e-004	-4,1692e-004	-4,1692e-004	
952	0,952	8,586e-005	8,586e-005	8,586e-005	
953	0,953	4,8261e-004	4,8261e-004	4,8261e-004	
954	0,954	3,1693e-004	3,1693e-004	3,1693e-004	
955	0,955	-2,1343e-004	-2,1343e-004	-2,1343e-004	
956	0,956	-4,9158e-004	-4,9158e-004	-4,9158e-004	
957	0,957	-1,9736e-004	-1,9736e-004	-1,9736e-004	
958	0,958	3,2311e-004	3,2311e-004	3,2311e-004	
959	0,959	4,6324e-004	4,6324e-004	4,6324e-004	
960	0,96	6,4189e-005	6,4189e-005	6,4189e-005	
961	0,961	-4,0417e-004	-4,0417e-004	-4,0417e-004	
962	0,962	-3,9798e-004	-3,9798e-004	-3,9798e-004	
963	0,963	6,8296e-005	6,8296e-005	6,8296e-005	
964	0,964	4,4914e-004	4,4914e-004	4,4914e-004	
965	0,965	3,0647e-004	3,0647e-004	3,0647e-004	
966	0,966	-1,8875e-004	-1,8875e-004	-1,8875e-004	
967	0,967	-4,609e-004	-4,609e-004	-4,609e-004	
968	0,968	-1,9655e-004	-1,9655e-004	-1,9655e-004	
969	0,969	2,9367e-004	2,9367e-004	2,9367e-004	
970	0,97	4,3828e-004	4,3828e-004	4,3828e-004	
971	0,971	7,233e-005	7,233e-005	7,233e-005	
972	0,972	-3,7308e-004	-3,7308e-004	-3,7308e-004	
973	0,973	-3,7995e-004	-3,7995e-004	-3,7995e-004	
974	0,974	5,3007e-005	5,3007e-005	5,3007e-005	
975	0,975	4,1821e-004	4,1821e-004	4,1821e-004	
976	0,976	2,9538e-004	2,9538e-004	2,9538e-004	
977	0,977	-1,668e-004	-1,668e-004	-1,668e-004	
978	0,978	-4,3123e-004	-4,3123e-004	-4,3123e-004	
979	0,979	-1,9434e-004	-1,9434e-004	-1,9434e-004	
980	0,98	2,6581e-004	2,6581e-004	2,6581e-004	
981	0,981	4,1371e-004	4,1371e-004	4,1371e-004	
982	0,982	7,975e-005	7,975e-005	7,975e-005	
983	0,983	-3,4338e-004	-3,4338e-004	-3,4338e-004	
984	0,984	-3,6289e-004	-3,6289e-004	-3,6289e-004	
985	0,985	3,8566e-005	3,8566e-005	3,8566e-005	
986	0,986	3,8964e-004	3,8964e-004	3,8964e-004	
987	0,987	2,8509e-004	2,8509e-004	2,8509e-004	
988	0,988	-1,4734e-004	-1,4734e-004	-1,4734e-004	
989	0,989	-4,0398e-004	-4,0398e-004	-4,0398e-004	
990	0,99	-1,9083e-004	-1,9083e-004	-1,9083e-004	
991	0,991	2,4089e-004	2,4089e-004	2,4089e-004	
992	0,992	3,8955e-004	3,8955e-004	3,8955e-004	
993	0,993	8,5154e-005	8,5154e-005	8,5154e-005	
994	0,994	-3,1506e-004	-3,1506e-004	-3,1506e-004	
995	0,995	-3,4546e-004	-3,4546e-004	-3,4546e-004	
996	0,996	2,5086e-005	2,5086e-005	2,5086e-005	
997	0,997	3,6193e-004	3,6193e-004	3,6193e-004	
998	0,998	2,7539e-004	2,7539e-004	2,7539e-004	
999	0,999	-1,2872e-004	-1,2872e-004	-1,2872e-004	
1000	1,	-3,789e-004	-3,789e-004	-3,789e-004	
