	Frequency [Hz]	Amplitude [mm]	Phase Angle [°]	
1	0,3	1,9232	44,951	
2	0,6	1,9232	44,95	
3	0,9	1,9232	44,949	
4	1,2	1,9232	44,948	
5	1,5	1,9233	44,947	
6	1,8	1,9233	44,946	
7	2,1	1,9233	44,945	
8	2,4	1,9234	44,944	
9	2,7	1,9235	44,943	
10	3,	1,9235	44,942	
11	3,3	1,9236	44,94	
12	3,6	1,9237	44,939	
13	3,9	1,9238	44,938	
14	4,2	1,9239	44,937	
15	4,5	1,924	44,936	
16	4,8	1,9241	44,935	
17	5,1	1,9242	44,934	
18	5,4	1,9244	44,933	
19	5,7	1,9245	44,932	
20	6,	1,9246	44,931	
21	6,3	1,9248	44,93	
22	6,6	1,925	44,929	
23	6,9	1,9251	44,928	
24	7,2	1,9253	44,926	
25	7,5	1,9255	44,925	
26	7,8	1,9257	44,924	
27	8,1	1,9259	44,923	
28	8,4	1,9261	44,922	
29	8,7	1,9263	44,921	
30	9,	1,9265	44,92	
31	9,3	1,9267	44,919	
32	9,6	1,927	44,918	
33	9,9	1,9272	44,917	
34	10,2	1,9275	44,916	
35	10,5	1,9277	44,915	
36	10,8	1,928	44,914	
37	11,1	1,9283	44,912	
38	11,4	1,9285	44,911	
39	11,7	1,9288	44,91	
40	12,	1,9291	44,909	
41	12,3	1,9294	44,908	
42	12,6	1,9297	44,907	
43	12,9	1,9301	44,906	
44	13,2	1,9304	44,905	
45	13,5	1,9307	44,904	
46	13,8	1,9311	44,903	
47	14,1	1,9314	44,902	
48	14,4	1,9318	44,901	
49	14,7	1,9321	44,9	
50	15,	1,9325	44,898	
51	15,3	1,9329	44,897	
52	15,6	1,9333	44,896	
53	15,9	1,9337	44,895	
54	16,2	1,9341	44,894	
55	16,5	1,9345	44,893	
56	16,8	1,9349	44,892	
57	17,1	1,9353	44,891	
58	17,4	1,9358	44,89	
59	17,7	1,9362	44,889	
60	18,	1,9367	44,888	
61	18,3	1,9371	44,887	
62	18,6	1,9376	44,885	
63	18,9	1,9381	44,884	
64	19,2	1,9385	44,883	
65	19,5	1,939	44,882	
66	19,8	1,9395	44,881	
67	20,1	1,94	44,88	
68	20,4	1,9405	44,879	
69	20,7	1,9411	44,878	
70	21,	1,9416	44,877	
71	21,3	1,9421	44,876	
72	21,6	1,9427	44,875	
73	21,9	1,9432	44,873	
74	22,2	1,9438	44,872	
75	22,5	1,9444	44,871	
76	22,8	1,9449	44,87	
77	23,1	1,9455	44,869	
78	23,4	1,9461	44,868	
79	23,7	1,9467	44,867	
80	24,	1,9473	44,866	
81	24,3	1,948	44,865	
82	24,6	1,9486	44,864	
83	24,9	1,9492	44,863	
84	25,2	1,9499	44,861	
85	25,5	1,9505	44,86	
86	25,8	1,9512	44,859	
87	26,1	1,9519	44,858	
88	26,4	1,9525	44,857	
89	26,7	1,9532	44,856	
90	27,	1,9539	44,855	
91	27,3	1,9546	44,854	
92	27,6	1,9553	44,853	
93	27,9	1,9561	44,851	
94	28,2	1,9568	44,85	
95	28,5	1,9575	44,849	
96	28,8	1,9583	44,848	
97	29,1	1,959	44,847	
98	29,4	1,9598	44,846	
99	29,7	1,9606	44,845	
100	30,	1,9613	44,844	
101	30,3	1,9621	44,843	
102	30,6	1,9629	44,841	
103	30,9	1,9637	44,84	
104	31,2	1,9646	44,839	
105	31,5	1,9654	44,838	
106	31,8	1,9662	44,837	
107	32,1	1,9671	44,836	
108	32,4	1,9679	44,835	
109	32,7	1,9688	44,834	
110	33,	1,9696	44,833	
111	33,3	1,9705	44,831	
112	33,6	1,9714	44,83	
113	33,9	1,9723	44,829	
114	34,2	1,9732	44,828	
115	34,5	1,9741	44,827	
116	34,8	1,975	44,826	
117	35,1	1,976	44,825	
118	35,4	1,9769	44,823	
119	35,7	1,9779	44,822	
120	36,	1,9788	44,821	
121	36,3	1,9798	44,82	
122	36,6	1,9808	44,819	
123	36,9	1,9818	44,818	
124	37,2	1,9828	44,817	
125	37,5	1,9838	44,815	
126	37,8	1,9848	44,814	
127	38,1	1,9858	44,813	
128	38,4	1,9869	44,812	
129	38,7	1,9879	44,811	
130	39,	1,989	44,81	
131	39,3	1,9901	44,809	
132	39,6	1,9911	44,807	
133	39,9	1,9922	44,806	
134	40,2	1,9933	44,805	
135	40,5	1,9944	44,804	
136	40,8	1,9956	44,803	
137	41,1	1,9967	44,802	
138	41,4	1,9978	44,8	
139	41,7	1,999	44,799	
140	42,	2,0001	44,798	
141	42,3	2,0013	44,797	
142	42,6	2,0025	44,796	
143	42,9	2,0037	44,795	
144	43,2	2,0049	44,793	
145	43,5	2,0061	44,792	
146	43,8	2,0073	44,791	
147	44,1	2,0085	44,79	
148	44,4	2,0098	44,789	
149	44,7	2,011	44,787	
150	45,	2,0123	44,786	
151	45,3	2,0136	44,785	
152	45,6	2,0149	44,784	
153	45,9	2,0161	44,783	
154	46,2	2,0175	44,781	
155	46,5	2,0188	44,78	
156	46,8	2,0201	44,779	
157	47,1	2,0214	44,778	
158	47,4	2,0228	44,777	
159	47,7	2,0242	44,775	
160	48,	2,0255	44,774	
161	48,3	2,0269	44,773	
162	48,6	2,0283	44,772	
163	48,9	2,0297	44,771	
164	49,2	2,0311	44,769	
165	49,5	2,0326	44,768	
166	49,8	2,034	44,767	
167	50,1	2,0355	44,766	
168	50,4	2,0369	44,764	
169	50,7	2,0384	44,763	
170	51,	2,0399	44,762	
171	51,3	2,0414	44,761	
172	51,6	2,0429	44,759	
173	51,9	2,0444	44,758	
174	52,2	2,046	44,757	
175	52,5	2,0475	44,756	
176	52,8	2,0491	44,754	
177	53,1	2,0507	44,753	
178	53,4	2,0523	44,752	
179	53,7	2,0539	44,751	
180	54,	2,0555	44,749	
181	54,3	2,0571	44,748	
182	54,6	2,0587	44,747	
183	54,9	2,0604	44,745	
184	55,2	2,0621	44,744	
185	55,5	2,0637	44,743	
186	55,8	2,0654	44,742	
187	56,1	2,0671	44,74	
188	56,4	2,0688	44,739	
189	56,7	2,0706	44,738	
190	57,	2,0723	44,736	
191	57,3	2,0741	44,735	
192	57,6	2,0758	44,734	
193	57,9	2,0776	44,733	
194	58,2	2,0794	44,731	
195	58,5	2,0812	44,73	
196	58,8	2,0831	44,729	
197	59,1	2,0849	44,727	
198	59,4	2,0868	44,726	
199	59,7	2,0886	44,725	
200	60,	2,0905	44,723	
201	60,3	2,0924	44,722	
202	60,6	2,0943	44,721	
203	60,9	2,0962	44,719	
204	61,2	2,0982	44,718	
205	61,5	2,1001	44,717	
206	61,8	2,1021	44,715	
207	62,1	2,1041	44,714	
208	62,4	2,1061	44,712	
209	62,7	2,1081	44,711	
210	63,	2,1101	44,71	
211	63,3	2,1122	44,708	
212	63,6	2,1142	44,707	
213	63,9	2,1163	44,706	
214	64,2	2,1184	44,704	
215	64,5	2,1205	44,703	
216	64,8	2,1226	44,701	
217	65,1	2,1248	44,7	
218	65,4	2,1269	44,699	
219	65,7	2,1291	44,697	
220	66,	2,1313	44,696	
221	66,3	2,1335	44,694	
222	66,6	2,1357	44,693	
223	66,9	2,138	44,691	
224	67,2	2,1402	44,69	
225	67,5	2,1425	44,689	
226	67,8	2,1448	44,687	
227	68,1	2,1471	44,686	
228	68,4	2,1494	44,684	
229	68,7	2,1518	44,683	
230	69,	2,1541	44,681	
231	69,3	2,1565	44,68	
232	69,6	2,1589	44,678	
233	69,9	2,1613	44,677	
234	70,2	2,1638	44,675	
235	70,5	2,1662	44,674	
236	70,8	2,1687	44,672	
237	71,1	2,1712	44,671	
238	71,4	2,1737	44,669	
239	71,7	2,1762	44,668	
240	72,	2,1787	44,666	
241	72,3	2,1813	44,665	
242	72,6	2,1839	44,663	
243	72,9	2,1865	44,662	
244	73,2	2,1891	44,66	
245	73,5	2,1918	44,658	
246	73,8	2,1944	44,657	
247	74,1	2,1971	44,655	
248	74,4	2,1998	44,654	
249	74,7	2,2025	44,652	
250	75,	2,2053	44,651	
251	75,3	2,208	44,649	
252	75,6	2,2108	44,647	
253	75,9	2,2136	44,646	
254	76,2	2,2165	44,644	
255	76,5	2,2193	44,643	
256	76,8	2,2222	44,641	
257	77,1	2,2251	44,639	
258	77,4	2,228	44,638	
259	77,7	2,2309	44,636	
260	78,	2,2339	44,634	
261	78,3	2,2369	44,633	
262	78,6	2,2399	44,631	
263	78,9	2,2429	44,629	
264	79,2	2,246	44,628	
265	79,5	2,2491	44,626	
266	79,8	2,2522	44,624	
267	80,1	2,2553	44,622	
268	80,4	2,2584	44,621	
269	80,7	2,2616	44,619	
270	81,	2,2648	44,617	
271	81,3	2,268	44,615	
272	81,6	2,2713	44,614	
273	81,9	2,2746	44,612	
274	82,2	2,2779	44,61	
275	82,5	2,2812	44,608	
276	82,8	2,2846	44,607	
277	83,1	2,2879	44,605	
278	83,4	2,2913	44,603	
279	83,7	2,2948	44,601	
280	84,	2,2982	44,599	
281	84,3	2,3017	44,597	
282	84,6	2,3053	44,596	
283	84,9	2,3088	44,594	
284	85,2	2,3124	44,592	
285	85,5	2,316	44,59	
286	85,8	2,3196	44,588	
287	86,1	2,3233	44,586	
288	86,4	2,3269	44,584	
289	86,7	2,3307	44,582	
290	87,	2,3344	44,58	
291	87,3	2,3382	44,578	
292	87,6	2,342	44,576	
293	87,9	2,3458	44,574	
294	88,2	2,3497	44,572	
295	88,5	2,3536	44,57	
296	88,8	2,3576	44,568	
297	89,1	2,3615	44,566	
298	89,4	2,3655	44,564	
299	89,7	2,3696	44,562	
300	90,	2,3736	44,56	
301	90,3	2,3777	44,558	
302	90,6	2,3819	44,556	
303	90,9	2,386	44,554	
304	91,2	2,3902	44,552	
305	91,5	2,3945	44,55	
306	91,8	2,3988	44,548	
307	92,1	2,4031	44,546	
308	92,4	2,4074	44,543	
309	92,7	2,4118	44,541	
310	93,	2,4162	44,539	
311	93,3	2,4207	44,537	
312	93,6	2,4252	44,535	
313	93,9	2,4297	44,532	
314	94,2	2,4343	44,53	
315	94,5	2,4389	44,528	
316	94,8	2,4436	44,525	
317	95,1	2,4483	44,523	
318	95,4	2,453	44,521	
319	95,7	2,4578	44,518	
320	96,	2,4626	44,516	
321	96,3	2,4675	44,514	
322	96,6	2,4724	44,511	
323	96,9	2,4773	44,509	
324	97,2	2,4823	44,507	
325	97,5	2,4873	44,504	
326	97,8	2,4924	44,502	
327	98,1	2,4975	44,499	
328	98,4	2,5027	44,497	
329	98,7	2,5079	44,494	
330	99,	2,5132	44,492	
331	99,3	2,5185	44,489	
332	99,6	2,5239	44,486	
333	99,9	2,5293	44,484	
334	100,2	2,5347	44,481	
335	100,5	2,5403	44,479	
336	100,8	2,5458	44,476	
337	101,1	2,5514	44,473	
338	101,4	2,5571	44,47	
339	101,7	2,5628	44,468	
340	102,	2,5686	44,465	
341	102,3	2,5744	44,462	
342	102,6	2,5803	44,459	
343	102,9	2,5862	44,457	
344	103,2	2,5922	44,454	
345	103,5	2,5983	44,451	
346	103,8	2,6044	44,448	
347	104,1	2,6105	44,445	
348	104,4	2,6168	44,442	
349	104,7	2,6231	44,439	
350	105,	2,6294	44,436	
351	105,3	2,6358	44,433	
352	105,6	2,6423	44,43	
353	105,9	2,6488	44,427	
354	106,2	2,6554	44,424	
355	106,5	2,6621	44,421	
356	106,8	2,6688	44,417	
357	107,1	2,6756	44,414	
358	107,4	2,6825	44,411	
359	107,7	2,6894	44,408	
360	108,	2,6965	44,404	
361	108,3	2,7035	44,401	
362	108,6	2,7107	44,398	
363	108,9	2,7179	44,394	
364	109,2	2,7252	44,391	
365	109,5	2,7326	44,387	
366	109,8	2,7401	44,384	
367	110,1	2,7476	44,38	
368	110,4	2,7552	44,377	
369	110,7	2,7629	44,373	
370	111,	2,7707	44,37	
371	111,3	2,7785	44,366	
372	111,6	2,7865	44,362	
373	111,9	2,7945	44,358	
374	112,2	2,8026	44,355	
375	112,5	2,8108	44,351	
376	112,8	2,8191	44,347	
377	113,1	2,8275	44,343	
378	113,4	2,836	44,339	
379	113,7	2,8446	44,335	
380	114,	2,8532	44,331	
381	114,3	2,862	44,327	
382	114,6	2,8709	44,322	
383	114,9	2,8799	44,318	
384	115,2	2,8889	44,314	
385	115,5	2,8981	44,31	
386	115,8	2,9074	44,305	
387	116,1	2,9168	44,301	
388	116,4	2,9263	44,296	
389	116,7	2,9359	44,292	
390	117,	2,9456	44,287	
391	117,3	2,9555	44,283	
392	117,6	2,9654	44,278	
393	117,9	2,9755	44,273	
394	118,2	2,9857	44,268	
395	118,5	2,996	44,263	
396	118,8	3,0065	44,258	
397	119,1	3,0171	44,253	
398	119,4	3,0278	44,248	
399	119,7	3,0386	44,243	
400	120,	3,0496	44,238	
401	120,3	3,0607	44,233	
402	120,6	3,072	44,227	
403	120,9	3,0834	44,222	
404	121,2	3,095	44,216	
405	121,5	3,1067	44,211	
406	121,8	3,1185	44,205	
407	122,1	3,1306	44,199	
408	122,4	3,1427	44,193	
409	122,7	3,1551	44,187	
410	123,	3,1676	44,181	
411	123,3	3,1802	44,175	
412	123,6	3,1931	44,169	
413	123,9	3,2061	44,163	
414	124,2	3,2193	44,157	
415	124,5	3,2327	44,15	
416	124,8	3,2462	44,144	
417	125,1	3,26	44,137	
418	125,4	3,274	44,13	
419	125,7	3,2881	44,123	
420	126,	3,3025	44,116	
421	126,3	3,317	44,109	
422	126,6	3,3318	44,102	
423	126,9	3,3468	44,095	
424	127,2	3,362	44,087	
425	127,5	3,3775	44,08	
426	127,8	3,3932	44,072	
427	128,1	3,4091	44,064	
428	128,4	3,4252	44,056	
429	128,7	3,4417	44,048	
430	129,	3,4583	44,04	
431	129,3	3,4753	44,031	
432	129,6	3,4924	44,023	
433	129,9	3,5099	44,014	
434	130,2	3,5277	44,005	
435	130,5	3,5457	43,996	
436	130,8	3,564	43,987	
437	131,1	3,5827	43,978	
438	131,4	3,6016	43,968	
439	131,7	3,6209	43,959	
440	132,	3,6405	43,949	
441	132,3	3,6604	43,939	
442	132,6	3,6807	43,928	
443	132,9	3,7013	43,918	
444	133,2	3,7223	43,907	
445	133,5	3,7436	43,896	
446	133,8	3,7653	43,885	
447	134,1	3,7875	43,874	
448	134,4	3,81	43,862	
449	134,7	3,8329	43,851	
450	135,	3,8563	43,839	
451	135,3	3,8801	43,826	
452	135,6	3,9044	43,814	
453	135,9	3,9291	43,801	
454	136,2	3,9543	43,788	
455	136,5	3,98	43,774	
456	136,8	4,0062	43,761	
457	137,1	4,0329	43,747	
458	137,4	4,0601	43,732	
459	137,7	4,0879	43,718	
460	138,	4,1163	43,703	
461	138,3	4,1453	43,688	
462	138,6	4,1749	43,672	
463	138,9	4,2051	43,656	
464	139,2	4,236	43,639	
465	139,5	4,2675	43,622	
466	139,8	4,2997	43,605	
467	140,1	4,3327	43,587	
468	140,4	4,3663	43,569	
469	140,7	4,4008	43,551	
470	141,	4,436	43,531	
471	141,3	4,4721	43,512	
472	141,6	4,509	43,492	
473	141,9	4,5469	43,471	
474	142,2	4,5856	43,45	
475	142,5	4,6253	43,428	
476	142,8	4,6659	43,405	
477	143,1	4,7076	43,382	
478	143,4	4,7504	43,359	
479	143,7	4,7942	43,334	
480	144,	4,8393	43,309	
481	144,3	4,8855	43,283	
482	144,6	4,9329	43,256	
483	144,9	4,9817	43,229	
484	145,2	5,0318	43,2	
485	145,5	5,0833	43,171	
486	145,8	5,1363	43,141	
487	146,1	5,1909	43,11	
488	146,4	5,247	43,078	
489	146,7	5,3049	43,044	
490	147,	5,3645	43,01	
491	147,3	5,4259	42,974	
492	147,6	5,4893	42,938	
493	147,9	5,5547	42,899	
494	148,2	5,6222	42,86	
495	148,5	5,692	42,819	
496	148,8	5,7641	42,777	
497	149,1	5,8387	42,733	
498	149,4	5,9159	42,687	
499	149,7	5,9958	42,639	
500	150,	6,0786	42,59	
501	150,3	6,1645	42,538	
502	150,6	6,2536	42,485	
503	150,9	6,3461	42,429	
504	151,2	6,4423	42,371	
505	151,5	6,5422	42,31	
506	151,8	6,6463	42,247	
507	152,1	6,7547	42,181	
508	152,4	6,8677	42,111	
509	152,7	6,9856	42,039	
510	153,	7,1088	41,963	
511	153,3	7,2375	41,883	
512	153,6	7,3723	41,799	
513	153,9	7,5135	41,711	
514	154,2	7,6616	41,618	
515	154,5	7,8172	41,52	
516	154,8	7,9808	41,417	
517	155,1	8,153	41,308	
518	155,4	8,3346	41,193	
519	155,7	8,5264	41,071	
520	156,	8,7292	40,941	
521	156,3	8,9441	40,803	
522	156,6	9,1721	40,656	
523	156,9	9,4144	40,5	
524	157,2	9,6726	40,333	
525	157,5	9,9481	40,153	
526	157,8	10,243	39,961	
527	158,1	10,559	39,754	
528	158,4	10,899	39,53	
529	158,7	11,265	39,289	
530	159,	11,661	39,027	
531	159,3	12,09	38,742	
532	159,6	12,557	38,43	
533	159,9	13,067	38,089	
534	160,2	13,627	37,713	
535	160,5	14,243	37,298	
536	160,8	14,924	36,836	
537	161,1	15,682	36,321	
538	161,4	16,53	35,742	
539	161,7	17,485	35,088	
540	162,	18,568	34,342	
541	162,3	19,806	33,485	
542	162,6	21,233	32,49	
543	162,9	22,895	31,324	
544	163,2	24,853	29,939	
545	163,5	27,188	28,27	
546	163,8	30,012	26,226	
547	164,1	33,481	23,671	
548	164,4	37,813	20,404	
549	164,7	43,303	16,116	
550	165,	50,321	10,322	
551	165,3	59,19	2,2729	
552	165,6	69,656	-9,0676	
553	165,9	79,502	-24,611	
554	166,2	83,582	-43,649	
555	166,5	78,486	-62,717	
556	166,8	67,836	-78,319	
557	167,1	56,828	-89,712	
558	167,4	47,617	-97,797	
559	167,7	40,382	-103,61	
560	168,	34,75	-107,92	
561	168,3	30,322	-111,19	
562	168,6	26,785	-113,75	
563	168,9	23,912	-115,79	
564	169,2	21,541	-117,46	
565	169,5	19,555	-118,84	
566	169,8	17,871	-120,	
567	170,1	16,427	-120,99	
568	170,4	15,175	-121,84	
569	170,7	14,08	-122,57	
570	171,	13,115	-123,22	
571	171,3	12,259	-123,78	
572	171,6	11,493	-124,29	
573	171,9	10,805	-124,73	
574	172,2	10,184	-125,14	
575	172,5	9,619	-125,5	
576	172,8	9,1042	-125,82	
577	173,1	8,6327	-126,11	
578	173,4	8,1994	-126,38	
579	173,7	7,7998	-126,62	
580	174,	7,43	-126,85	
581	174,3	7,0869	-127,05	
582	174,6	6,7676	-127,23	
583	174,9	6,4697	-127,4	
584	175,2	6,1911	-127,55	
585	175,5	5,9299	-127,7	
586	175,8	5,6846	-127,82	
587	176,1	5,4538	-127,94	
588	176,4	5,2361	-128,05	
589	176,7	5,0304	-128,15	
590	177,	4,8358	-128,24	
591	177,3	4,6513	-128,32	
592	177,6	4,4763	-128,39	
593	177,9	4,3098	-128,46	
594	178,2	4,1514	-128,52	
595	178,5	4,0003	-128,57	
596	178,8	3,8562	-128,61	
597	179,1	3,7185	-128,65	
598	179,4	3,5867	-128,69	
599	179,7	3,4605	-128,71	
600	180,	3,3395	-128,74	
601	180,3	3,2234	-128,75	
602	180,6	3,1118	-128,76	
603	180,9	3,0046	-128,77	
604	181,2	2,9013	-128,77	
605	181,5	2,8018	-128,76	
606	181,8	2,7059	-128,75	
607	182,1	2,6134	-128,74	
608	182,4	2,524	-128,71	
609	182,7	2,4376	-128,69	
610	183,	2,3541	-128,66	
611	183,3	2,2732	-128,62	
612	183,6	2,1948	-128,57	
613	183,9	2,1189	-128,52	
614	184,2	2,0452	-128,47	
615	184,5	1,9737	-128,4	
616	184,8	1,9042	-128,34	
617	185,1	1,8367	-128,26	
618	185,4	1,7711	-128,17	
619	185,7	1,7072	-128,08	
620	186,	1,645	-127,98	
621	186,3	1,5844	-127,87	
622	186,6	1,5254	-127,76	
623	186,9	1,4678	-127,63	
624	187,2	1,4116	-127,49	
625	187,5	1,3567	-127,34	
626	187,8	1,3031	-127,17	
627	188,1	1,2507	-127,	
628	188,4	1,1994	-126,8	
629	188,7	1,1493	-126,59	
630	189,	1,1003	-126,37	
631	189,3	1,0522	-126,12	
632	189,6	1,0052	-125,85	
633	189,9	0,95907	-125,56	
634	190,2	0,91385	-125,24	
635	190,5	0,8695	-124,89	
636	190,8	0,82598	-124,51	
637	191,1	0,78327	-124,08	
638	191,4	0,74134	-123,62	
639	191,7	0,70015	-123,1	
640	192,	0,65969	-122,52	
641	192,3	0,61994	-121,87	
642	192,6	0,58088	-121,14	
643	192,9	0,5425	-120,31	
644	193,2	0,5048	-119,37	
645	193,5	0,46777	-118,28	
646	193,8	0,43143	-117,03	
647	194,1	0,39579	-115,56	
648	194,4	0,36091	-113,81	
649	194,7	0,32683	-111,72	
650	195,	0,29368	-109,17	
651	195,3	0,2616	-106,02	
652	195,6	0,23085	-102,03	
653	195,9	0,20183	-96,916	
654	196,2	0,17518	-90,222	
655	196,5	0,15194	-81,387	
656	196,8	0,13363	-69,861	
657	197,1	0,12227	-55,591	
658	197,4	0,11964	-39,717	
659	197,7	0,12611	-24,43	
660	198,	0,14029	-11,499	
661	198,3	0,16005	-1,3813	
662	198,6	0,18355	6,3183	
663	198,9	0,2095	12,191	
664	199,2	0,23709	16,744	
665	199,5	0,26583	20,348	
666	199,8	0,29543	23,263	
667	200,1	0,32574	25,671	
668	200,4	0,35669	27,699	
669	200,7	0,38827	29,438	
670	201,	0,42056	30,954	
671	201,3	0,4537	32,294	
672	201,6	0,48792	33,489	
673	201,9	0,52355	34,555	
674	202,2	0,56107	35,489	
675	202,5	0,60107	36,263	
676	202,8	0,64419	36,808	
677	203,1	0,6907	37,01	
678	203,4	0,73964	36,719	
679	203,7	0,78767	35,846	
680	204,	0,82933	34,519	
681	204,3	0,86061	33,13	
682	204,6	0,88267	32,092	
683	204,9	0,90027	31,565	
684	205,2	0,91767	31,472	
685	205,5	0,937	31,655	
686	205,8	0,95882	31,984	
687	206,1	0,983	32,374	
688	206,4	1,0092	32,776	
689	206,7	1,037	33,166	
690	207,	1,0661	33,532	
691	207,3	1,0964	33,871	
692	207,6	1,1276	34,182	
693	207,9	1,1597	34,465	
694	208,2	1,1926	34,722	
695	208,5	1,2262	34,956	
696	208,8	1,2604	35,167	
697	209,1	1,2954	35,359	
698	209,4	1,3309	35,532	
699	209,7	1,3672	35,689	
700	210,	1,4041	35,831	
701	210,3	1,4416	35,958	
702	210,6	1,4799	36,072	
703	210,9	1,5189	36,175	
704	211,2	1,5587	36,265	
705	211,5	1,5992	36,346	
706	211,8	1,6406	36,416	
707	212,1	1,6828	36,477	
708	212,4	1,726	36,528	
709	212,7	1,7701	36,571	
710	213,	1,8151	36,606	
711	213,3	1,8613	36,633	
712	213,6	1,9085	36,651	
713	213,9	1,9569	36,663	
714	214,2	2,0066	36,666	
715	214,5	2,0576	36,663	
716	214,8	2,1099	36,652	
717	215,1	2,1638	36,634	
718	215,4	2,2191	36,609	
719	215,7	2,2762	36,576	
720	216,	2,3349	36,536	
721	216,3	2,3956	36,489	
722	216,6	2,4582	36,434	
723	216,9	2,5229	36,371	
724	217,2	2,5899	36,3	
725	217,5	2,6592	36,221	
726	217,8	2,7311	36,134	
727	218,1	2,8058	36,038	
728	218,4	2,8833	35,933	
729	218,7	2,964	35,818	
730	219,	3,0481	35,694	
731	219,3	3,1357	35,558	
732	219,6	3,2273	35,412	
733	219,9	3,323	35,253	
734	220,2	3,4233	35,082	
735	220,5	3,5284	34,898	
736	220,8	3,6389	34,699	
737	221,1	3,7551	34,485	
738	221,4	3,8775	34,254	
739	221,7	4,0068	34,005	
740	222,	4,1434	33,736	
741	222,3	4,2883	33,446	
742	222,6	4,442	33,132	
743	222,9	4,6057	32,794	
744	223,2	4,7801	32,426	
745	223,5	4,9666	32,028	
746	223,8	5,1664	31,595	
747	224,1	5,3811	31,124	
748	224,4	5,6123	30,61	
749	224,7	5,8622	30,048	
750	225,	6,133	29,431	
751	225,3	6,4274	28,752	
752	225,6	6,7488	28,002	
753	225,9	7,1007	27,171	
754	226,2	7,4877	26,247	
755	226,5	7,9149	25,214	
756	226,8	8,3886	24,053	
757	227,1	8,9163	22,743	
758	227,4	9,5066	21,254	
759	227,7	10,17	19,553	
760	228,	10,919	17,594	
761	228,3	11,767	15,324	
762	228,6	12,73	12,671	
763	228,9	13,825	9,5492	
764	229,2	15,064	5,8473	
765	229,5	16,455	1,4325	
766	229,8	17,984	-3,8487	
767	230,1	19,602	-10,154	
768	230,4	21,201	-17,605	
769	230,7	22,595	-26,214	
770	231,	23,54	-35,796	
771	231,3	23,818	-45,917	
772	231,6	23,353	-55,97	
773	231,9	22,262	-65,374	
774	232,2	20,781	-73,745	
775	232,5	19,145	-80,948	
776	232,8	17,524	-87,024	
777	233,1	16,01	-92,11	
778	233,4	14,643	-96,363	
779	233,7	13,429	-99,934	
780	234,	12,359	-102,95	
781	234,3	11,419	-105,52	
782	234,6	10,59	-107,72	
783	234,9	9,8591	-109,62	
784	235,2	9,211	-111,28	
785	235,5	8,6342	-112,73	
786	235,8	8,1185	-114,02	
787	236,1	7,6553	-115,15	
788	236,4	7,2375	-116,17	
789	236,7	6,859	-117,08	
790	237,	6,5148	-117,9	
791	237,3	6,2005	-118,64	
792	237,6	5,9125	-119,31	
793	237,9	5,6478	-119,92	
794	238,2	5,4036	-120,48	
795	238,5	5,1778	-121,	
796	238,8	4,9683	-121,47	
797	239,1	4,7734	-121,91	
798	239,4	4,5917	-122,31	
799	239,7	4,4218	-122,68	
800	240,	4,2627	-123,03	
801	240,3	4,1134	-123,35	
802	240,6	3,973	-123,65	
803	240,9	3,8406	-123,92	
804	241,2	3,7157	-124,18	
805	241,5	3,5976	-124,43	
806	241,8	3,4857	-124,66	
807	242,1	3,3796	-124,87	
808	242,4	3,2788	-125,07	
809	242,7	3,1829	-125,26	
810	243,	3,0915	-125,43	
811	243,3	3,0044	-125,6	
812	243,6	2,9213	-125,76	
813	243,9	2,8418	-125,9	
814	244,2	2,7657	-126,04	
815	244,5	2,6929	-126,17	
816	244,8	2,623	-126,29	
817	245,1	2,5559	-126,41	
818	245,4	2,4915	-126,52	
819	245,7	2,4295	-126,62	
820	246,	2,3699	-126,72	
821	246,3	2,3124	-126,81	
822	246,6	2,2571	-126,89	
823	246,9	2,2037	-126,97	
824	247,2	2,1521	-127,05	
825	247,5	2,1023	-127,12	
826	247,8	2,0541	-127,18	
827	248,1	2,0075	-127,24	
828	248,4	1,9624	-127,3	
829	248,7	1,9187	-127,36	
830	249,	1,8763	-127,41	
831	249,3	1,8353	-127,45	
832	249,6	1,7954	-127,49	
833	249,9	1,7567	-127,53	
834	250,2	1,7191	-127,57	
835	250,5	1,6826	-127,6	
836	250,8	1,6471	-127,63	
837	251,1	1,6126	-127,66	
838	251,4	1,5789	-127,68	
839	251,7	1,5462	-127,71	
840	252,	1,5143	-127,72	
841	252,3	1,4832	-127,74	
842	252,6	1,4529	-127,75	
843	252,9	1,4233	-127,76	
844	253,2	1,3945	-127,77	
845	253,5	1,3663	-127,77	
846	253,8	1,3388	-127,78	
847	254,1	1,312	-127,78	
848	254,4	1,2857	-127,78	
849	254,7	1,2601	-127,77	
850	255,	1,235	-127,76	
851	255,3	1,2104	-127,75	
852	255,6	1,1864	-127,74	
853	255,9	1,1629	-127,73	
854	256,2	1,1399	-127,71	
855	256,5	1,1173	-127,69	
856	256,8	1,0953	-127,67	
857	257,1	1,0736	-127,65	
858	257,4	1,0524	-127,62	
859	257,7	1,0316	-127,59	
860	258,	1,0112	-127,56	
861	258,3	0,99116	-127,53	
862	258,6	0,97152	-127,49	
863	258,9	0,95223	-127,45	
864	259,2	0,9333	-127,41	
865	259,5	0,91471	-127,37	
866	259,8	0,89645	-127,32	
867	260,1	0,87851	-127,27	
868	260,4	0,86088	-127,22	
869	260,7	0,84355	-127,16	
870	261,	0,82651	-127,1	
871	261,3	0,80976	-127,04	
872	261,6	0,79328	-126,98	
873	261,9	0,77708	-126,91	
874	262,2	0,76113	-126,84	
875	262,5	0,74543	-126,77	
876	262,8	0,72998	-126,69	
877	263,1	0,71477	-126,61	
878	263,4	0,6998	-126,53	
879	263,7	0,68505	-126,44	
880	264,	0,67052	-126,35	
881	264,3	0,65621	-126,25	
882	264,6	0,6421	-126,15	
883	264,9	0,6282	-126,05	
884	265,2	0,6145	-125,94	
885	265,5	0,601	-125,82	
886	265,8	0,58768	-125,71	
887	266,1	0,57455	-125,58	
888	266,4	0,5616	-125,45	
889	266,7	0,54883	-125,32	
890	267,	0,53623	-125,18	
891	267,3	0,52379	-125,03	
892	267,6	0,51153	-124,88	
893	267,9	0,49942	-124,72	
894	268,2	0,48747	-124,55	
895	268,5	0,47567	-124,38	
896	268,8	0,46402	-124,19	
897	269,1	0,45252	-124,	
898	269,4	0,44116	-123,8	
899	269,7	0,42995	-123,59	
900	270,	0,41887	-123,37	
901	270,3	0,40793	-123,15	
902	270,6	0,39713	-122,91	
903	270,9	0,38645	-122,65	
904	271,2	0,3759	-122,39	
905	271,5	0,36548	-122,11	
906	271,8	0,35519	-121,82	
907	272,1	0,34501	-121,51	
908	272,4	0,33496	-121,18	
909	272,7	0,32503	-120,84	
910	273,	0,31521	-120,48	
911	273,3	0,30551	-120,1	
912	273,6	0,29593	-119,69	
913	273,9	0,28645	-119,26	
914	274,2	0,2771	-118,81	
915	274,5	0,26785	-118,33	
916	274,8	0,25872	-117,81	
917	275,1	0,2497	-117,27	
918	275,4	0,24079	-116,68	
919	275,7	0,23199	-116,06	
920	276,	0,22331	-115,39	
921	276,3	0,21474	-114,67	
922	276,6	0,20629	-113,9	
923	276,9	0,19796	-113,07	
924	277,2	0,18975	-112,18	
925	277,5	0,18166	-111,21	
926	277,8	0,1737	-110,15	
927	278,1	0,16588	-109,01	
928	278,4	0,15819	-107,76	
929	278,7	0,15066	-106,4	
930	279,	0,14329	-104,9	
931	279,3	0,13608	-103,26	
932	279,6	0,12906	-101,45	
933	279,9	0,12224	-99,442	
934	280,2	0,11565	-97,221	
935	280,5	0,1093	-94,755	
936	280,8	0,10323	-92,01	
937	281,1	9,7473e-002	-88,954	
938	281,4	9,2071e-002	-85,551	
939	281,7	8,7075e-002	-81,767	
940	282,	8,2539e-002	-77,575	
941	282,3	7,8527e-002	-72,958	
942	282,6	7,5104e-002	-67,917	
943	282,9	7,2338e-002	-62,483	
944	283,2	7,0286e-002	-56,714	
945	283,5	6,8996e-002	-50,707	
946	283,8	6,8494e-002	-44,584	
947	284,1	6,878e-002	-38,484	
948	284,4	6,9829e-002	-32,542	
949	284,7	7,1593e-002	-26,874	
950	285,	7,4006e-002	-21,563	
951	285,3	7,6994e-002	-16,658	
952	285,6	8,0482e-002	-12,18	
953	285,9	8,4397e-002	-8,123	
954	286,2	8,8671e-002	-4,4659	
955	286,5	9,3246e-002	-1,1785	
956	286,8	9,8072e-002	1,7736	
957	287,1	0,1031	4,4254	
958	287,4	0,10831	6,8105	
959	287,7	0,11365	8,9599	
960	288,	0,11911	10,901	
961	288,3	0,12466	12,659	
962	288,6	0,1303	14,256	
963	288,9	0,13599	15,71	
964	289,2	0,14173	17,038	
965	289,5	0,14751	18,255	
966	289,8	0,15333	19,372	
967	290,1	0,15917	20,4	
968	290,4	0,16503	21,35	
969	290,7	0,1709	22,228	
970	291,	0,17678	23,043	
971	291,3	0,18266	23,801	
972	291,6	0,18855	24,507	
973	291,9	0,19443	25,166	
974	292,2	0,20031	25,783	
975	292,5	0,20619	26,36	
976	292,8	0,21206	26,903	
977	293,1	0,21793	27,412	
978	293,4	0,22378	27,893	
979	293,7	0,22962	28,346	
980	294,	0,23545	28,774	
981	294,3	0,24127	29,179	
982	294,6	0,24708	29,562	
983	294,9	0,25288	29,926	
984	295,2	0,25866	30,271	
985	295,5	0,26443	30,6	
986	295,8	0,27018	30,912	
987	296,1	0,27592	31,21	
988	296,4	0,28165	31,494	
989	296,7	0,28736	31,766	
990	297,	0,29306	32,025	
991	297,3	0,29874	32,273	
992	297,6	0,30441	32,511	
993	297,9	0,31007	32,738	
994	298,2	0,31571	32,957	
995	298,5	0,32134	33,166	
996	298,8	0,32695	33,368	
997	299,1	0,33255	33,561	
998	299,4	0,33814	33,748	
999	299,7	0,34372	33,927	
1000	300,	0,34928	34,015	
